"label","mRNA","methy","GNNExplainer"
"ABAT","8.76630020141602","0.14020000398159",0.15
"ABCA1","12.2517004013062","0.346199989318848",0.15
"ABCB1","11.2546997070312","-0.381199985742569",0.14
"ABCB4","7.31949996948242","-0.432500004768372",0.14
"ABI1","11.1556997299194","-0.468899995088577",0.14
"ABL1","10.6941995620728","0.429300010204315",0.15
"ABL2","10.4281997680664","-0.0803999975323677",0.15
"ACACA","10.4568004608154","0.23479999601841",0.14
"ACACB","8.44799995422363","-0.171900004148483",0.13
"ACAN","6.54449987411499","-0.0127999996766448",0.14
"ACIN1","10.795599937439","-0.464399993419647",0.14
"ACLY","12.3505001068115","0.332599997520447",0.16
"ACO1","10.9920997619629","-0.483599990606308",0.15
"ACO2","11.684100151062","0.422199994325638",0.14
"ACOT4","4.83640003204346","-0.395500004291534",0.15
"ACOX1","10.3908996582031","-0.440400004386902",0.14
"ACOX2","5.09549999237061","0.197500005364418",0.14
"ACOX3","9.51830005645752","0.44080001115799",0.16
"ACSF3","8.52130031585693","-0.482100009918213",0.13
"ACSS3","8.3754997253418","-0.0375999994575977",0.15
"ACTA1","0.850399971008301","-0.140699997544289",0.14
"ACTB","16.9712009429932","0.116499997675419",0.15
"ACTG1","15.3465003967285","-0.283899992704391",0.13
"ACTL6B","0","-0.098800003528595",0.14
"ACTN1","11.443699836731","0.183100000023842",0.14
"ACTN2","3.92470002174377","-0.416399985551834",0.15
"ACTN3","0","0.134499996900558",0.15
"ACTN4","13.2412996292114","0.424199998378754",0.12
"ACTR1A","11.5141000747681","0.379400014877319",0.15
"ACTR3B","6.20559978485107","-0.205300003290176",0.12
"ACTR8","9.1923999786377","-0.463099986314774",0.16
"ACVR1C","2.72699999809265","0.432399988174438",0.13
"ADAM12","9.319899559021","0.135800004005432",0.14
"ADAM15","10.523099899292","0.222699999809265",0.15
"ADAM28","10.1379995346069","-0.00579999992623925",0.14
"ADAMTS5","7.11180019378662","0.461699992418289",0.15
"ADAR","13.5914001464844","-0.406100004911423",0.14
"ADCY1","3.84629988670349","-0.136399999260902",0.16
"ADCY2","1.97979998588562","0.295700013637543",0.14
"ADCY3","10.0901002883911","0.4341000020504",0.14
"ADCY5","3.61380004882812","-0.220200002193451",0.14
"ADCY7","11.2678003311157","0.116899996995926",0.14
"ADCY8","0.342200011014938","-0.064800001680851",0.15
"ADCY9","9.22630023956299","0.0733999982476234",0.14
"ADCYAP1R1","0","-0.220899999141693",0.15
"ADNP","11.6940002441406","-0.479999989271164",0.13
"ADORA1","9.39350032806396","-0.188199996948242",0.16
"ADRA1A","0.342200011014938","0.280299991369247",0.15
"ADRA2B","3.33640003204346","0.404500007629395",0.15
"AEBP2","9.91180038452148","-0.459500014781952",0.13
"AFF4","11.8600997924805","0.39640000462532",0.15
"AGAP2","8.48900032043457","-0.162699997425079",0.14
"AGK","9.48099994659424","-0.362800002098083",0.16
"AGL","9.15429973602295","-0.0239000003784895",0.14
"AGRN","13.3114995956421","0.068400003015995",0.15
"AGT","8.51920032501221","0.250200003385544",0.14
"AGTR1","3.61380004882812","-0.394699990749359",0.14
"AKAP9","11.4666004180908","-0.486600011587143",0.14
"AKT2","10.5965003967285","0.40650001168251",0.14
"AKT3","10.2623996734619","0.045099999755621",0.16
"ALDH1A3","8.734299659729","0.305299997329712",0.14
"ALDH3A1","1.52289998531342","-0.346799999475479",0.14
"ALDH3A2","10.4672002792358","0.453299999237061",0.13
"ALDOA","14.163200378418","-0.316799998283386",0.13
"ALDOB","1.22549998760223","0.441300004720688",0.15
"ALK","0.618499994277954","-0.476300001144409",0.15
"AMBN","0","-0.335799992084503",0.15
"AMDHD1","3.0864999294281","-0.450599998235703",0.14
"ANAPC4","8.70930004119873","-0.2483000010252",0.13
"ANGPT4","1.05009996891022","0.223700001835823",0.13
"ANGPTL3","0","0.449200004339218",0.12
"ANK1","8.48950004577637","-0.178299993276596",0.14
"ANK2","8.69169998168945","0.191200003027916",0.15
"ANK3","8.96249961853027","0.271600008010864",0.13
"ANLN","10.8858995437622","0.433200001716614",0.15
"ANO1","8.35560035705566","0.351599991321564",0.14
"ANO6","11.9430999755859","0.42509999871254",0.14
"AOC2","2.5404999256134","0.342200011014938",0.14
"AOX1","6.98640012741089","0.0645999982953072",0.13
"AP1B1","12.1709995269775","0.280600011348724",0.14
"AP1G1","11.5784997940063","-0.182600006461143",0.15
"AP1G2","8.78069972991943","-0.447299987077713",0.13
"AP2A1","10.9437999725342","0.241200000047684",0.13
"AP2A2","11.3854999542236","0.406399995088577",0.15
"AP2B1","12.9141998291016","-0.414200007915497",0.14
"AP3B1","10.4723997116089","0.0877000018954277",0.14
"AP4E1","8.64029979705811","0.428999990224838",0.13
"AP4M1","8.99740028381348","0.363299995660782",0.12
"APAF1","9.72410011291504","-0.467000007629395",0.14
"APBB1IP","11.3206996917725","-0.420500010251999",0.14
"APC","9.77350044250488","-0.45320001244545",0.14
"APEX1","10.7496995925903","-0.455199986696243",0.13
"APLP2","14.1878995895386","0.31020000576973",0.14
"APOA1","0.618499994277954","-0.472600013017654",0.14
"APOA5","0","0.271699994802475",0.14
"APOB","0.850399971008301","-0.0171000007539988",0.14
"APP","13.4811000823975","0.446099996566772",0.13
"AQR","9.85700035095215","-0.476999998092651",0.15
"ARAP1","11.2419996261597","-0.00689999992027879",0.14
"ARAP2","10.3837995529175","-0.451599985361099",0.14
"ARHGAP12","10.0503997802734","0.120600000023842",0.15
"ARHGAP21","11.0159997940063","-0.100100003182888",0.13
"ARHGAP29","12.1161003112793","0.224199995398521",0.14
"ARHGAP30","11.2557001113892","-0.115599997341633",0.15
"ARHGAP5","10.6000003814697","-0.473899990320206",0.13
"ARHGAP9","9.72039985656738","-0.102399997413158",0.15
"ARHGEF1","10.4664001464844","0.0450000017881393",0.13
"ARHGEF10L","9.84109973907471","0.174300000071526",0.14
"ARHGEF11","10.523099899292","0.321099996566772",0.16
"ARHGEF12","12.7358999252319","0.0153000000864267",0.12
"ARHGEF15","6.43720006942749","0.299299985170364",0.16
"ARHGEF17","9.59720039367676","0.412200003862381",0.13
"ARHGEF4","3.58189988136292","-0.0719000026583672",0.16
"ARHGEF5","8.40429973602295","-0.109600000083447",0.13
"ARID1A","11.538800239563","-0.17739999294281",0.15
"ARID4A","9.0576000213623","-0.449699997901917",0.15
"ARNT","10.602499961853","-0.484499990940094",0.15
"ARPC2","12.8037996292114","0.0263000000268221",0.16
"ARSB","9.77960014343262","0.0526000000536442",0.16
"ASPH","11.7812995910645","-0.477999985218048",0.15
"ASXL1","10.9375","-0.47299998998642",0.16
"ATF2","9.44379997253418","-0.455799996852875",0.14
"ATG7","10.393500328064","0.27250000834465",0.14
"ATN1","11.9980001449585","0.139699995517731",0.16
"ATP11A","10.9907999038696","0.290199995040894",0.14
"ATP12A","0","-0.267399996519089",0.13
"ATP1A1","13.6192998886108","0.222100004553795",0.15
"ATP1B1","12.2012996673584","0.303000003099442",0.12
"ATP2A1","1.38180005550385","-0.480699986219406",0.13
"ATP2A2","13.2602996826172","0.267599999904633",0.15
"ATP6V1A","11.725700378418","-0.45550000667572",0.15
"ATP8A1","9.63169956207275","-0.0502999983727932",0.14
"ATP8B2","9.80270004272461","0.0364999994635582",0.14
"ATP8B4","8.93589973449707","-0.0342000015079975",0.14
"ATR","10.6286001205444","0.419099986553192",0.15
"AXIN1","9.05029964447021","0.416399985551834",0.16
"AXIN2","5.96719980239868","0.412400007247925",0.14
"AXL","12.8151998519897","-0.479900002479553",0.16
"B2M","17.2078990936279","0.103900000452995",0.15
"B3GNT5","9.359299659729","0.378800004720688",0.14
"BAAT","0.850399971008301","0.087399996817112",0.14
"BACH1","10.9996995925903","0.285899996757507",0.14
"BAK1","9.61009979248047","0.351700007915497",0.15
"BAP1","10.4949998855591","0.391400009393692",0.14
"BAZ1A","10.6974000930786","-0.430099993944168",0.15
"BAZ1B","12.0052995681763","-0.407200008630753",0.13
"BCAN","3.13129997253418","-0.462799996137619",0.14
"BCAR1","9.8444995880127","0.374000012874603",0.13
"BCAS2","8.660400390625","-0.434700012207031",0.14
"BCL2L11","10.663800239563","-0.481099992990494",0.17
"BCL6","10.5488996505737","0.400999993085861",0.15
"BCL9","9.28940010070801","-0.0124000003561378",0.16
"BCL9L","11.1183996200562","0.304899990558624",0.13
"BCR","10.5053997039795","0.322400003671646",0.14
"BDKRB2","5.91060018539429","0.0296999998390675",0.14
"BICD2","10.2796001434326","0.405499994754791",0.13
"BIRC3","13.6147003173828","0.23589999973774",0.14
"BLK","2.40129995346069","-0.467599987983704",0.14
"BLM","7.99900007247925","0.342000007629395",0.14
"BMP1","10.5584001541138","0.329800009727478",0.14
"BMS1","10.4293003082275","-0.444599986076355",0.15
"BRAP","9.63070011138916","-0.479299992322922",0.13
"BRCA1","9.09130001068115","0.198400005698204",0.14
"BRCA2","8.25679969787598","0.195500001311302",0.15
"BRD1","9.22570037841797","0.251700013875961",0.13
"BRD4","11.0499000549316","0.332500010728836",0.16
"BRD7","10.3214998245239","0.402599990367889",0.14
"BRD8","9.74810028076172","-0.472200006246567",0.15
"BRIP1","6.89209985733032","-0.455799996852875",0.13
"BRPF1","9.22249984741211","0.44870001077652",0.14
"BRWD1","9.6491003036499","-0.457800000905991",0.14
"BUB1","9.43599987030029","-0.263599991798401",0.14
"BUB3","10.9453001022339","-0.450500011444092",0.13
"C1GALT1","8.89680004119873","-0.482800006866455",0.14
"C2","12.7236003875732","0.367799997329712",0.15
"C3","17.5638008117676","0.0727000012993813",0.16
"C3AR1","11.6175003051758","-0.0794999971985817",0.13
"C5","7.04320001602173","0.435999989509583",0.14
"C5AR1","9.06410026550293","-0.137799993157387",0.14
"C7","11.069299697876","0.128000006079674",0.14
"CABIN1","10.7369003295898","-0.45550000667572",0.15
"CACNA1C","5.53090000152588","0.428799986839294",0.15
"CACNA1D","6.917799949646","0.092399999499321",0.15
"CACNA1S","0.618499994277954","0.213200002908707",0.15
"CACNA2D1","8.34490013122559","-0.388799995183945",0.14
"CACNB1","6.15240001678467","-0.480500012636185",0.14
"CACNB2","2.5404999256134","0.138799995183945",0.13
"CACNG3","0","-0.407400012016296",0.15
"CALCRL","9.03269958496094","0.100100003182888",0.15
"CALD1","12.427300453186","0.422699987888336",0.13
"CAMK2A","0.342200011014938","0.168400004506111",0.15
"CAMK2D","10.2891998291016","0.427599996328354",0.14
"CAMK4","5.84490013122559","-0.484800010919571",0.16
"CAP2","8.15750026702881","0.31020000576973",0.14
"CAPG","11.8070001602173","-0.0922999978065491",0.17
"CAPN2","12.4997997283936","0.455599993467331",0.15
"CARD9","7.56759977340698","0.337000012397766",0.14
"CARM1","10.0015001296997","0.439300000667572",0.13
"CASC3","10.8791999816895","0.214200004935265",0.13
"CASP2","10.7164001464844","0.446299999952316",0.13
"CASP8","9.91499996185303","0.0487999990582466",0.14
"CASR","4.80910015106201","-0.12950000166893",0.14
"CBL","10.9412002563477","0.158899992704391",0.13
"CBLB","9.68659973144531","0.417199999094009",0.16
"CBX2","5.01420021057129","0.147900000214577",0.16
"CCKAR","0","0.482100009918213",0.14
"CCNA2","9.31649971008301","0.379400014877319",0.13
"CCNE2","6.96239995956421","-0.460999995470047",0.14
"CCNF","8.37779998779297","0.476099997758865",0.14
"CCNT1","8.62380027770996","0.00350000010803342",0.17
"CCR1","10.7784004211426","0.125499993562698",0.13
"CCR2","10.4877996444702","0.0689999982714653",0.13
"CCT2","11.7707996368408","-0.479299992322922",0.14
"CCT3","12.1617002487183","-0.486099988222122",0.14
"CCT6B","3.48169994354248","-0.387800008058548",0.14
"CD19","3.70539999008179","0.0282000005245209",0.15
"CD1B","0.618499994277954","0.387499988079071",0.15
"CD1C","3.21690011024475","0.046900000423193",0.14
"CD1D","6.90819978713989","-0.112099997699261",0.14
"CD2","11.7440996170044","0.114000000059605",0.13
"CD22","4.37900018692017","-0.0297999996691942",0.14
"CD300A","10.7276000976562","0.0899000018835068",0.15
"CD36","8.28549957275391","0.279399991035461",0.14
"CD4","13.1294002532959","0.0856000036001205",0.15
"CD47","12.9125003814697","0.344300001859665",0.14
"CD5","9.15970039367676","-0.014299999922514",0.15
"CD86","10.6838998794556","0.216800004243851",0.14
"CD8A","12.6849002838135","0.0662999972701073",0.12
"CD8B","9.99170017242432","0.000199999994947575",0.14
"CD93","11.7571001052856","0.222699999809265",0.13
"CDC14A","7.33629989624023","0.222800001502037",0.14
"CDC25C","5.50570011138916","0.44990000128746",0.15
"CDC37","10.7890996932983","-0.424400001764297",0.14
"CDC40","9.70149993896484","-0.471100002527237",0.15
"CDC5L","10.0052995681763","-0.464700013399124",0.15
"CDC6","8.72309970855713","-0.47189998626709",0.14
"CDC73","10.2699003219604","0.443300008773804",0.12
"CDCA7","8.45800018310547","-0.451700001955032",0.16
"CDK12","11.0994997024536","-0.471799999475479",0.15
"CDK14","9.95750045776367","0.161899998784065",0.14
"CDK7","8.64130020141602","-0.484100013971329",0.15
"CDKN1B","10.538800239563","-0.112700000405312",0.13
"CDS1","8.19750022888184","-0.33610001206398",0.14
"CECR2","1.38180005550385","0.163900002837181",0.13
"CELSR1","11.5673999786377","0.0750999972224236",0.14
"CENPE","8.91049957275391","0.400200009346008",0.15
"CENPF","10.9628000259399","0.427199989557266",0.13
"CENPL","7.54710006713867","0.299499988555908",0.16
"CEP97","7.91669988632202","-0.455000013113022",0.16
"CFTR","3.67549991607666","-0.373800009489059",0.15
"CHAF1A","8.42800045013428","0.427300006151199",0.15
"CHD1L","9.12069988250732","-0.31139999628067",0.13
"CHD3","11.2678003311157","-0.377499997615814",0.15
"CHD4","12.9120998382568","-0.187999993562698",0.16
"CHD9","10.6634998321533","0.4375",0.15
"CHEK2","7.57170009613037","-0.470800012350082",0.14
"CHERP","10.035400390625","0.327800005674362",0.15
"CHGB","3.81920003890991","-0.418599992990494",0.15
"CHI3L1","6.72690010070801","0.0722000002861023",0.14
"CHIT1","2.9433000087738","0.41100001335144",0.14
"CHL1","6.88229990005493","-0.181999996304512",0.15
"CHRD","5.88469982147217","0.317999988794327",0.16
"CHRM1","0","0.379200011491776",0.13
"CHRM2","0","0.184799998998642",0.14
"CHRNA1","0.850399971008301","0.340099990367889",0.15
"CHRNA4","0","0.112700000405312",0.14
"CHRNB2","1.87839996814728","-0.441300004720688",0.14
"CHRNB3","0","0.322200000286102",0.15
"CHRNB4","1.05009996891022","-0.256199985742569",0.14
"CHRND","0.850399971008301","-0.334500014781952",0.14
"CHSY1","10.6583003997803","0.389800012111664",0.14
"CHSY3","6.10260009765625","0.263000011444092",0.15
"CHUK","9.53400039672852","-0.404900014400482",0.15
"CIITA","11.1329002380371","-0.407099992036819",0.13
"CILP","3.87290000915527","-0.0798999965190887",0.14
"CKAP2","10.0951995849609","-0.47350001335144",0.16
"CLASP1","10.5982999801636","-0.00139999995008111",0.14
"CLCN6","8.92879962921143","-0.0603000000119209",0.15
"CLEC10A","7.01660013198853","0.336899995803833",0.14
"CLIP1","11.8600997924805","0.477699995040894",0.15
"CLIP2","10.2861003875732","0.263000011444092",0.13
"CLOCK","9.132399559021","-0.424400001764297",0.15
"CLTCL1","5.94859981536865","-0.445199996232986",0.15
"CLUAP1","9.02309989929199","-0.439500004053116",0.15
"CNDP1","1.05009996891022","0.411100000143051",0.14
"CNDP2","13.4062995910645","0.347200006246567",0.14
"CNGA1","1.38180005550385","0.143099993467331",0.15
"CNKSR1","6.21610021591187","0.158099994063377",0.14
"CNTN1","5.37220001220703","-0.122599996626377",0.13
"CNTN2","0.850399971008301","0.152400001883507",0.14
"CNTNAP1","7.69789981842041","-0.356099992990494",0.15
"CNTNAP2","1.38180005550385","-0.178700000047684",0.13
"COG1","9.3725004196167","-0.476099997758865",0.13
"COG3","9.02830028533936","-0.377700001001358",0.14
"COG5","10.4453001022339","-0.484400004148483",0.14
"COL11A1","8.57299995422363","0.0899000018835068",0.13
"COL14A1","7.78630018234253","0.384999990463257",0.14
"COL16A1","8.27190017700195","0.168200001120567",0.15
"COL17A1","4.84989976882935","0.165299996733665",0.14
"COL1A1","13.872200012207","0.436599999666214",0.13
"COL1A2","13.3809995651245","0.261500000953674",0.15
"COL2A1","0.342200011014938","0.354400008916855",0.14
"COL3A1","13.6068000793457","0.430000007152557",0.14
"COL4A3","6.58129978179932","-0.341300010681152",0.13
"COL4A4","8.10519981384277","-0.341300010681152",0.14
"COL5A1","10.9256000518799","0.305000007152557",0.15
"COL5A2","10.1932001113892","0.357499986886978",0.16
"COL5A3","5.06120014190674","0.361099988222122",0.15
"COL6A1","12.1484003067017","0.433499991893768",0.14
"COL6A2","12.0847997665405","0.28659999370575",0.15
"COL7A1","7.76510000228882","0.310900002717972",0.14
"COL8A1","8.46669960021973","0.257299989461899",0.14
"COL9A1","0","-0.153600007295609",0.14
"COL9A3","5.94859981536865","0.31029999256134",0.15
"COPA","12.5999002456665","-0.483700007200241",0.13
"COPB1","11.7896995544434","-0.442299991846085",0.14
"COPS3","10.1301002502441","-0.462900012731552",0.13
"CPB2","0","0.341699987649918",0.13
"CPD","12.3446998596191","-0.304399996995926",0.15
"CPEB1","6.84250020980835","-0.428400009870529",0.15
"CPSF1","9.82890033721924","0.419200003147125",0.15
"CPSF3","9.75349998474121","0.0635000020265579",0.14
"CPSF6","10.5502004623413","-0.375999987125397",0.15
"CPT1A","10.6540002822876","-0.162900000810623",0.15
"CPT2","9.33850002288818","0.0706000030040741",0.15
"CR1","8.99839973449707","-0.453700006008148",0.13
"CR2","1.87839996814728","-0.42629998922348",0.14
"CREB3L1","6.53620004653931","0.128499999642372",0.14
"CREB3L3","1.87839996814728","0.00460000010207295",0.14
"CREB5","10.1674995422363","-0.0059000002220273",0.14
"CREBBP","11.3732995986938","0.246800005435944",0.14
"CREM","8.60799980163574","0.303999990224838",0.15
"CRHR1","0","-0.033100001513958",0.14
"CRMP1","6.54629993438721","0.448599994182587",0.15
"CRNKL1","9.73460006713867","-0.490399986505508",0.15
"CROT","9.09759998321533","0.00130000000353903",0.15
"CSDE1","13.3569002151489","-0.437999993562698",0.15
"CSE1L","11.4917001724243","-0.470200002193451",0.13
"CSF1R","13.9237003326416","0.0901999995112419",0.14
"CSF2RB","10.6155996322632","0.215299993753433",0.13
"CSF3R","9.88339996337891","0.0688999965786934",0.14
"CSGALNACT2","9.32600021362305","-0.486099988222122",0.15
"CSNK2A1","10.6002998352051","-0.471599996089935",0.14
"CSPG4","7.6641001701355","0.483300000429153",0.16
"CSTF3","9.23009967803955","-0.469500005245209",0.15
"CTCF","10.6380996704102","-0.485900014638901",0.15
"CTNNA2","0.850399971008301","0.0195000004023314",0.15
"CTNNBL1","9.88669967651367","-0.469300001859665",0.16
"CTR9","10.7875995635986","-0.443199992179871",0.15
"CTSA","12.9226999282837","0.330399990081787",0.15
"CUX1","11.7344999313354","0.342700004577637",0.14
"CWC22","9.36629962921143","-0.453500002622604",0.14
"CX3CR1","10.608699798584","-0.148900002241135",0.14
"CXCR4","11.0183000564575","-0.0100999996066093",0.16
"CYFIP1","12.4163999557495","0.44879999756813",0.14
"CYFIP2","11.1953001022339","0.015599999576807",0.14
"CYP21A2","3.20429992675781","0.299699991941452",0.15
"CYP4A11","0","-0.0276999995112419",0.16
"CYTH4","10.6967000961304","-0.114100001752377",0.14
"DAAM1","7.41529989242554","0.359899997711182",0.14
"DAB2","11.9457998275757","0.408600002527237",0.13
"DAB2IP","9.62979984283447","0.0838999971747398",0.14
"DAPK1","11.3101997375488","-0.131600007414818",0.14
"DBH","4.02299976348877","0.215800002217293",0.13
"DCAF5","10.0656003952026","-0.480100005865097",0.14
"DCC","7.4355001449585","0.353899985551834",0.15
"DCTN1","11.6082000732422","-0.135199993848801",0.16
"DDC","3.0864999294281","0.0474999994039536",0.15
"DDX17","12.6625003814697","-0.47409999370575",0.16
"DDX20","8.40079975128174","-0.445899993181229",0.13
"DDX21","11.3537998199463","-0.465499997138977",0.15
"DDX23","11.5907001495361","-0.483000010251999",0.15
"DDX31","8.57699966430664","-0.485799998044968",0.15
"DDX42","11.2909002304077","0.357400000095367",0.14
"DDX46","10.5376996994019","-0.42289999127388",0.14
"DDX5","12.9081001281738","0.397399991750717",0.13
"DECR1","10","-0.484600007534027",0.15
"DEF6","9.35509967803955","-0.098800003528595",0.15
"DEK","12.0338001251221","-0.485700011253357",0.14
"DENND1A","10.4343996047974","0.402599990367889",0.14
"DENND1B","8.02439975738525","-0.045499999076128",0.13
"DEPDC1","8.19359970092773","0.285800009965897",0.13
"DHX15","11.3505001068115","0.0794999971985817",0.15
"DHX38","10.1485996246338","-0.337799996137619",0.15
"DHX8","10.5130996704102","0.438899993896484",0.13
"DIAPH1","12.3832998275757","-0.464599996805191",0.14
"DLC1","9.06910037994385","0.363599985837936",0.13
"DLG1","10.9216003417969","-0.367000013589859",0.14
"DLG2","1.22549998760223","0.165399998426437",0.13
"DLGAP2","0.850399971008301","0.0627000033855438",0.16
"DLGAP3","3.37409996986389","0.220799997448921",0.15
"DLGAP5","8.13160037994385","-0.0196000002324581",0.14
"DLL1","5.30539989471436","0.423000007867813",0.13
"DMP1","1.52289998531342","0.284000009298325",0.14
"DNAH1","6.64050006866455","0.36259999871254",0.14
"DNAH17","3.70539999008179","0.448300004005432",0.14
"DNAH2","0.618499994277954","0.162200003862381",0.13
"DNAH3","1.65139997005463","0.351500004529953",0.15
"DNAH6","3.58189988136292","-0.143199995160103",0.16
"DNAH7","6.04530000686646","-0.00329999998211861",0.14
"DNAH8","2.07450008392334","0.384299993515015",0.13
"DNAJB4","8.65190029144287","-0.462399989366531",0.13
"DNAJC2","9.75669956207275","-0.472600013017654",0.14
"DNAJC3","11.4687004089355","-0.436899989843369",0.14
"DNAJC6","7.08360004425049","0.402900010347366",0.14
"DNASE2","11.7681999206543","-0.404500007629395",0.14
"DNM1","9.09549999237061","0.238800004124641",0.14
"DNM3","5.0378999710083","0.377000004053116",0.15
"DNMT3A","8.65480041503906","-0.197999998927116",0.15
"DNTTIP2","10.0383996963501","-0.433200001716614",0.14
"DOCK1","10.6208000183105","0.410899996757507",0.13
"DOCK2","11.8692998886108","0.278600007295609",0.13
"DOCK3","4.8895001411438","0.344599992036819",0.15
"DOCK4","11.5415000915527","0.404500007629395",0.14
"DOCK7","10.1948003768921","0.205799996852875",0.14
"DOK1","8.79259967803955","0.16779999434948",0.14
"DOK2","8.90890026092529","-0.0693999975919724",0.14
"DPYSL3","13.3336000442505","0.0296000000089407",0.14
"DPYSL5","0.850399971008301","-0.381099998950958",0.15
"DRD2","0.850399971008301","-0.351300001144409",0.13
"DSC1","0","0.130999997258186",0.13
"DSC2","9.77830028533936","-0.189999997615814",0.14
"DSCAM","0","0.423500001430511",0.15
"DSG1","0.618499994277954","0.415100008249283",0.14
"DSG3","0","0.437000006437302",0.14
"DSG4","0","0.297500014305115",0.14
"DSN1","8.63059997558594","-0.482300013303757",0.15
"DSP","8.79349994659424","0.154100000858307",0.14
"DTX1","6.64440011978149","0.374399989843369",0.14
"DTX2","9.25380039215088","0.336600005626678",0.14
"DUOX1","2.47259998321533","0.386400014162064",0.14
"DYNC1H1","13.3472003936768","0.39750000834465",0.14
"DYNC2H1","8.55770015716553","0.0987000018358231",0.14
"DYNC2LI1","8.34020042419434","-0.472299993038177",0.15
"E2F1","8.08110046386719","0.061999998986721",0.14
"E2F8","7.2322998046875","-0.447100013494492",0.13
"E4F1","7.54710006713867","-0.413399994373322",0.16
"ECD","9.12209987640381","-0.429399996995926",0.13
"ECHDC1","10.3042001724243","-0.453299999237061",0.16
"ECT2","11.0553998947144","0.365500003099442",0.15
"EDNRA","8.06099987030029","0.315299987792969",0.15
"EED","9.12349987030029","-0.477699995040894",0.13
"EFTUD2","11.497200012207","-0.407200008630753",0.14
"EGF","6.15240001678467","0.34400001168251",0.14
"EGFR","10.9357004165649","0.475199997425079",0.13
"EGR1","10.6308002471924","0.0270000007003546",0.15
"EHHADH","9.4242000579834","0.414799988269806",0.15
"EIF2AK3","9.83730030059814","0.289200007915497",0.13
"ELAVL1","10.8892002105713","0.446799993515015",0.14
"ELL","9.07559967041016","-0.454100012779236",0.16
"ELL2","10.2857999801636","0.35589998960495",0.15
"ELL3","5.55579996109009","0.439200013875961",0.16
"ENAM","4.18039989471436","0.327300012111664",0.13
"ENGASE","7.33150005340576","0.412600010633469",0.15
"ENPP1","7.69610023498535","0.404599994421005",0.14
"EP400","11.0385999679565","0.479099988937378",0.13
"EPAS1","11.3238000869751","0.429800003767014",0.14
"EPB41L1","9.40610027313232","-0.305900007486343",0.16
"EPB41L3","11.1975002288818","-0.377999991178513",0.14
"EPB41L5","8.07830047607422","-0.461600005626678",0.15
"EPC1","8.91049957275391","0.429199993610382",0.13
"EPHA1","6.74499988555908","-0.312099993228912",0.15
"EPHA2","10.4429998397827","0.428700000047684",0.13
"EPHA7","8.91370010375977","-0.270799994468689",0.16
"EPHB1","6.13600015640259","0.350300014019012",0.16
"EPHB2","10.046799659729","0.347000002861023",0.13
"EPHB3","5.82460021972656","0.29789999127388",0.13
"EPHB4","9.80659961700439","0.464800000190735",0.15
"EPHB6","8.0004997253418","0.232500001788139",0.15
"EPN1","11.0368003845215","0.456200003623962",0.15
"EPPK1","4.15889978408813","0.221300005912781",0.14
"EPS15","11.279899597168","0.364300012588501",0.15
"EPS8L2","10.0756998062134","-0.114000000059605",0.13
"ERBB2","11.0776996612549","0.191599994897842",0.16
"ERBB4","6.07999992370605","-0.41049998998642",0.13
"ERCC2","8.28180027008057","-0.403299987316132",0.14
"ERCC3","9.68850040435791","-0.457599997520447",0.15
"ERCC4","8.53289985656738","0.434899985790253",0.16
"ERCC5","10.3978996276855","-0.486600011587143",0.14
"ERCC6","8.23460006713867","-0.482899993658066",0.13
"ESPL1","8.46780014038086","-0.459899991750717",0.15
"ESR1","6.73050022125244","-0.0172000005841255",0.14
"ESR2","3.67549991607666","0.455199986696243",0.13
"ESRRG","7.26270008087158","0.0881000012159348",0.15
"ETS2","9.97570037841797","0.253199994564056",0.15
"ETV6","10.8695001602173","-0.0245999991893768",0.15
"EVC","10.4308996200562","0.238399997353554",0.14
"EVC2","7.39020013809204","-0.479999989271164",0.14
"EVPL","7.24499988555908","0.0141000002622604",0.14
"EXO1","7.89090013504028","0.443800002336502",0.13
"EXOSC9","8.63420009613037","-0.475600004196167",0.15
"EXT1","10.3002004623413","0.34850001335144",0.14
"EZH1","9.37329959869385","0.215000003576279",0.15
"EZH2","8.76179981231689","0.1824000030756",0.15
"F13A1","13.7023000717163","0.33500000834465",0.14
"F2R","10.3247995376587","0.0562999993562698",0.12
"F5","8.2209997177124","-0.44539999961853",0.14
"FAF1","9.74720001220703","-0.465799987316132",0.14
"FAF2","10.7525997161865","-0.473199993371964",0.15
"FAM13A","8.7903003692627","0.363999992609024",0.15
"FANCG","8.42910003662109","0.33610001206398",0.15
"FANCI","9.95349979400635","-0.476599991321564",0.16
"FANCM","6.45489978790283","-0.472299993038177",0.14
"FASN","10.8739004135132","0.334699988365173",0.15
"FAT1","13.5834999084473","0.344999998807907",0.14
"FBL","10.336199760437","-0.474200010299683",0.14
"FBN1","11.4435997009277","0.438699990510941",0.15
"FBN2","10.3042001724243","-0.104500003159046",0.13
"FBXO17","7.66219997406006","0.069300003349781",0.15
"FBXO21","10.0269002914429","0.282700002193451",0.14
"FBXO31","9.07849979400635","0.386900007724762",0.15
"FCAR","2.89219999313354","0.259200006723404",0.14
"FCER1A","1.87839996814728","0.171299993991852",0.14
"FCGR1A","11.2417001724243","0.000199999994947575",0.14
"FCGRT","11.2382001876831","0.420100003480911",0.15
"FDFT1","10.0250997543335","-0.477999985218048",0.13
"FERMT2","9.08489990234375","0.307500004768372",0.12
"FGA","3.67549991607666","0.394600003957748",0.16
"FGD4","10.065299987793","0.104099996387959",0.15
"FGF18","2.47259998321533","0.374599993228912",0.15
"FGF23","0","0.332800000905991",0.14
"FGFR2","9.57759952545166","0.143700003623962",0.14
"FGFR4","9.43929958343506","0.0944000035524368",0.13
"FGG","1.05009996891022","0.167600005865097",0.13
"FGR","8.51609992980957","-0.044599998742342",0.14
"FHL5","3.61380004882812","-0.221200004220009",0.15
"FLII","12.0977001190186","-0.423500001430511",0.14
"FLRT3","11.2058000564575","-0.407900005578995",0.14
"FLT1","9.11299991607666","0.373299986124039",0.14
"FLT3","4.82280015945435","-0.443899989128113",0.15
"FMNL1","11.1806001663208","-0.324999988079071",0.14
"FN1","16.4666004180908","0.370700001716614",0.13
"FOXA1","1.22549998760223","-0.443899989128113",0.17
"FOXM1","10.7260999679565","0.433299988508224",0.14
"FPR2","8.27429962158203","0.0450000017881393",0.16
"FRS3","6.02180004119873","-0.424600005149841",0.15
"FSHR","0","0.174899995326996",0.14
"FTSJ3","9.13519954681396","-0.457399994134903",0.14
"FUCA2","10.878999710083","-0.477200001478195",0.14
"FUS","11.1953001022339","-0.484499990940094",0.15
"FXR1","11.3438997268677","-0.472099989652634",0.14
"FZD1","11.0633001327515","0.134399995207787",0.15
"FZD2","8.16829967498779","-0.451999992132187",0.12
"FZD6","10.3667001724243","-0.386099994182587",0.14
"FZD7","6.90500020980835","0.30019998550415",0.15
"GAB2","9.38720035552979","0.202099993824959",0.14
"GABBR1","7.25010013580322","0.45770001411438",0.14
"GABBR2","1.65139997005463","-0.0288999993354082",0.15
"GABRA1","0","-0.42399999499321",0.14
"GABRA2","1.65139997005463","-0.167699992656708",0.12
"GABRA4","0","0.101199999451637",0.13
"GABRA5","0","0.431499987840652",0.16
"GABRB1","0.342200011014938","-0.288500010967255",0.14
"GABRB2","0.342200011014938","-0.38280001282692",0.14
"GABRG2","0","0.0226000007241964",0.13
"GABRG3","1.97979998588562","-0.186499997973442",0.15
"GAD1","1.52289998531342","-0.317900002002716",0.14
"GAD2","0.618499994277954","0.43189999461174",0.14
"GALNT1","11.421199798584","0.138899996876717",0.15
"GALNT10","10.6552000045776","0.403299987316132",0.14
"GALNT11","9.87810039520264","0.354499995708466",0.15
"GALNT13","0.618499994277954","-0.191300004720688",0.16
"GALNT3","6.53200006484985","-0.420399993658066",0.16
"GALNT6","8.87639999389648","-0.0386999994516373",0.15
"GALNT7","10.4209003448486","0.220500007271767",0.15
"GALNT8","1.22549998760223","0.451999992132187",0.14
"GALNTL5","0","0.0625",0.13
"GAPVD1","10.5340995788574","-0.482600003480911",0.14
"GATA3","8.01099967956543","-0.219600006937981",0.15
"GBE1","9.63799953460693","0.174500003457069",0.14
"GBP4","13.8020000457764","-0.431400001049042",0.14
"GBP5","13.4984998703003","0.201900005340576",0.14
"GBP7","3.81979990005493","0.416599988937378",0.14
"GCK","0.342200011014938","-0.025900000706315",0.14
"GCKR","2.9433000087738","-0.183799996972084",0.16
"GEMIN4","9.08839988708496","-0.473300009965897",0.13
"GEMIN5","9.60719966888428","0.41729998588562",0.15
"GFRA2","3.13129997253418","-0.464300006628036",0.14
"GH2","0","0.287099987268448",0.14
"GHR","3.61380004882812","-0.279300004243851",0.14
"GHRHR","0","0.317600011825562",0.13
"GIGYF1","9.60770034790039","0.463200002908707",0.13
"GJA1","8.52550029754639","0.350400000810623",0.14
"GK2","0","0.418199986219406",0.14
"GLB1","11.4678001403809","0.182099997997284",0.14
"GLCE","8.95160007476807","0.210199996829033",0.15
"GLE1","10.2414999008179","-0.443300008773804",0.12
"GLI1","4.53709983825684","-0.441900014877319",0.14
"GLI2","5.38149976730347","0.439000010490417",0.16
"GLI3","8.53909969329834","-0.379700005054474",0.16
"GNA11","8.68789958953857","0.46340000629425",0.14
"GNAS","14.4219999313354","-0.449699997901917",0.13
"GNAZ","6.30179977416992","-0.480100005865097",0.14
"GNB3","2.19490003585815","0.349299997091293",0.13
"GNL2","9.87189960479736","-0.481000006198883",0.15
"GNPAT","9.97679996490479","-0.437299996614456",0.15
"GNPTAB","11.3499002456665","-0.0162000004202127",0.15
"GOLGA5","9.66629981994629","-0.480399996042252",0.15
"GOLGB1","12.3877000808716","-0.478799998760223",0.12
"GOLIM4","10.414999961853","-0.404700011014938",0.16
"GP5","2.9433000087738","-0.24770000576973",0.15
"GPAM","8.08250045776367","-0.451299995183945",0.15
"GPATCH1","7.96540021896362","-0.484100013971329",0.14
"GPC2","3.0864999294281","-0.452399998903275",0.14
"GPC6","9.64620018005371","0.369100004434586",0.15
"GPHN","7.62160015106201","-0.35929998755455",0.15
"GPI","12.6253995895386","0.396499991416931",0.14
"GPR161","6.67869997024536","-0.423799991607666",0.15
"GPR37","7.6810998916626","-0.463600009679794",0.14
"GPR39","7.91879987716675","0.161100000143051",0.15
"GPR55","4.36030006408691","0.00279999990016222",0.14
"GPR83","1.76929998397827","-0.134800001978874",0.14
"GPR84","8.58609962463379","0.0176999997347593",0.15
"GPSM1","7.3024001121521","0.195899993181229",0.14
"GRB10","11.0129995346069","0.374000012874603",0.14
"GRB14","7.15040016174316","0.328799992799759",0.14
"GRB7","8.12880039215088","0.140900000929832",0.13
"GRHL1","4.72399997711182","0.365500003099442",0.16
"GRIA1","0","-0.399300009012222",0.16
"GRIA2","0","-0.233400002121925",0.13
"GRIA4","1.05009996891022","0.412499994039536",0.15
"GRIN2A","1.76929998397827","-0.316300004720688",0.14
"GRIN2B","1.52289998531342","-0.408499985933304",0.13
"GRIN2C","0.850399971008301","-0.395900011062622",0.13
"GRIN2D","6.98640012741089","0.064800001680851",0.14
"GRIN3A","8.59309959411621","0.398099988698959",0.15
"GRIP1","6.9242000579834","0.481000006198883",0.15
"GRM1","0.342200011014938","-0.3716000020504",0.14
"GRM2","1.05009996891022","0.216999992728233",0.15
"GRM3","0","-0.381900012493134",0.14
"GRM4","0.618499994277954","0.101400002837181",0.15
"GRM5","5.50570011138916","0.328099995851517",0.13
"GRM7","2.72699999809265","0.269600003957748",0.15
"GRM8","7.17460012435913","0.116400003433228",0.14
"GRN","13.9106998443604","0.0582999996840954",0.15
"GRXCR1","0","0.404399991035461",0.13
"GTSE1","8.54010009765625","-0.410899996757507",0.15
"GUSB","10.6203002929688","0.467400014400482",0.14
"GYS1","9.90330028533936","-0.481799989938736",0.15
"GZMA","10.8474998474121","-0.0899000018835068",0.13
"H2AFY2","7.15310001373291","-0.375499993562698",0.15
"HACE1","7.58179998397827","-0.47749999165535",0.13
"HADHB","11.5307998657227","-0.183100000023842",0.14
"HAL","0.342200011014938","0.257400006055832",0.16
"HAO1","0","0.420500010251999",0.14
"HDAC1","11.3867998123169","-0.470800012350082",0.14
"HDAC11","7.65259981155396","0.201299995183945",0.14
"HDAC4","8.30889987945557","0.346500009298325",0.14
"HDAC5","9.74040031433105","0.351599991321564",0.14
"HDAC9","9.01640033721924","-0.270599991083145",0.14
"HEATR1","10.6489000320435","-0.479900002479553",0.14
"HECW2","6.61709976196289","0.251500010490417",0.14
"HELQ","8.07680034637451","-0.483999997377396",0.13
"HERC1","11.0093002319336","0.433699995279312",0.14
"HERC4","10.125599861145","-0.446700006723404",0.14
"HGF","8.96170043945312","-0.11370000243187",0.15
"HIP1","10.6286001205444","0.42960000038147",0.14
"HIPK2","12.7597999572754","0.351099997758865",0.12
"HIRA","9.75839996337891","-0.453599989414215",0.13
"HIST1H1C","7.69980001449585","-0.328900009393692",0.14
"HIST1H3B","0","-0.443300008773804",0.14
"HIST1H3F","0.342200011014938","-0.461199998855591",0.15
"HIST1H3G","1.52289998531342","-0.43529999256134",0.14
"HIST2H2BE","7.29510021209717","-0.430099993944168",0.16
"HJURP","9.09049987792969","0.0593999996781349",0.15
"HK2","10.1611003875732","0.217199996113777",0.13
"HK3","9.17910003662109","0.0768999978899956",0.15
"HKDC1","10.4235000610352","0.34799998998642",0.15
"HMGCS2","0","0.324400007724762",0.13
"HMGXB4","9.12069988250732","-0.483700007200241",0.15
"HNF1A","7.17729997634888","0.0844999998807907",0.13
"HNRNPA2B1","13.5909004211426","-0.443300008773804",0.15
"HNRNPL","12.0909004211426","-0.476300001144409",0.15
"HNRNPM","11.7707004547119","0.00270000007003546",0.16
"HNRNPU","13.2377004623413","-0.439000010490417",0.14
"HNRNPUL1","12.2875003814697","-0.445499986410141",0.14
"HPN","8.60799980163574","-0.46399998664856",0.15
"HPSE","7.99440002441406","-0.442200005054474",0.13
"HRH1","9.67199993133545","0.145199999213219",0.15
"HRNR","5.87809991836548","0.303999990224838",0.14
"HS3ST2","2.83920001983643","0.350600004196167",0.15
"HS6ST1","8.8705997467041","-0.189400002360344",0.14
"HSD11B1","8.97560024261475","0.24439999461174",0.15
"HSD17B4","11.4820003509521","-0.442699998617172",0.14
"HSP90AB1","14.6389999389648","-0.43979999423027",0.14
"HSP90B1","14.8856000900269","0.410899996757507",0.15
"HSPA2","7.34819984436035","0.316900014877319",0.15
"HSPA4","11.6379995346069","0.343899995088577",0.16
"HSPA5","14.2389001846313","-0.477999985218048",0.14
"HSPA8","15.1466999053955","-0.0824000015854836",0.15
"HSPD1","13.2908000946045","-0.483399987220764",0.14
"HSPG2","12.7608003616333","0.320499986410141",0.14
"HSPH1","11.7941999435425","0.422600001096725",0.16
"HTR1A","0","-0.240899994969368",0.14
"HTR1B","0.342200011014938","-0.404199987649918",0.17
"HTR1D","3.64499998092651","0.37279999256134",0.14
"HTR1E","0.342200011014938","-0.213899999856949",0.14
"HTR1F","1.76929998397827","0.467500001192093",0.17
"HTR3A","1.38180005550385","0.390399992465973",0.14
"HTR5A","0","-0.171200007200241",0.14
"HVCN1","9.34440040588379","-0.235599994659424",0.13
"IDH1","11.733099937439","-0.478700011968613",0.15
"IFI35","10.3944997787476","-0.4307000041008",0.14
"IFI44","9.2544002532959","-0.0768000036478043",0.14
"IFT172","8.97939968109131","-0.488999992609024",0.14
"IFT81","8.4064998626709","-0.472799986600876",0.15
"IFT88","8.43019962310791","0.0265999995172024",0.14
"IGF1R","11.2870998382568","0.337799996137619",0.14
"IGF2R","13.309100151062","0.458200007677078",0.15
"IKBKB","10.1194000244141","0.34799998998642",0.15
"IKBKE","9.63319969177246","0.0136000001803041",0.15
"IL10RB","10.3418998718262","-0.476799994707108",0.14
"IL15","8.15610027313232","-0.449499994516373",0.15
"IL17RD","6.48969984054565","0.206799998879433",0.14
"IL22RA1","5.35340023040771","0.395700007677078",0.14
"IL22RA2","1.52289998531342","-0.219500005245209",0.15
"IL2RB","11.894700050354","0.144199997186661",0.16
"IL4R","11.0682001113892","0.423400014638901",0.15
"IL5RA","1.76929998397827","-0.219899997115135",0.14
"INO80","9.76369953155518","-0.419400006532669",0.15
"INPP5D","11.9013996124268","-0.0876000002026558",0.16
"INPP5J","6.2108998298645","0.349500000476837",0.14
"INPPL1","11.1856002807617","-0.431300014257431",0.14
"INSR","9.37329959869385","0.330599993467331",0.15
"INTS1","11.4955997467041","0.403299987316132",0.12
"INTS2","8.8125","-0.474700003862381",0.16
"INTS3","10.8348999023438","0.00179999996908009",0.14
"INTS5","9.40950012207031","-0.160799995064735",0.14
"INTS7","9.12829971313477","-0.476000010967255",0.13
"INTS8","9.45639991760254","-0.48649999499321",0.14
"INTU","6.01579999923706","-0.434500008821487",0.13
"IPCEF1","8.63840007781982","0.221300005912781",0.15
"IPO8","11.0738000869751","-0.43860000371933",0.13
"IQCB1","8.24919986724854","-0.486200004816055",0.14
"IQGAP3","9.02680015563965","0.134299993515015",0.14
"IQSEC1","10.1414003372192","0.337399989366531",0.15
"IRAK2","9.57310009002686","-0.408699989318848",0.15
"IRF6","4.72399997711182","0.124600000679493",0.15
"IRF9","10.5270004272461","0.435999989509583",0.14
"IRS1","8.43019962310791","0.333799988031387",0.15
"ISLR","10.1294002532959","0.341600000858307",0.12
"ITGA1","10.4063997268677","0.37389999628067",0.13
"ITGA10","3.48169994354248","0.457899987697601",0.16
"ITGA2","9.9379997253418","-0.0337999984622002",0.14
"ITGA2B","2.07450008392334","-0.433400005102158",0.14
"ITGA4","11.5116996765137","-0.189500004053116",0.15
"ITGA6","11.4305000305176","0.24439999461174",0.14
"ITGAD","2.24710011482239","0.387699991464615",0.14
"ITGAL","12.3420000076294","-0.37830001115799",0.15
"ITGAM","9.81859970092773","0.257299989461899",0.14
"ITGAV","13.5001001358032","0.293599992990494",0.13
"ITGAX","7.91989994049072","-0.351000010967255",0.13
"ITGB1","13.930100440979","0.09740000218153",0.13
"ITGB3","11.7301998138428","0.37389999628067",0.16
"ITGB6","12.3568000793457","0.415199995040894",0.15
"ITIH2","0.618499994277954","0.442999988794327",0.13
"ITK","9.69499969482422","-0.131699994206429",0.14
"ITPR1","10.5802001953125","0.300999999046326",0.15
"ITPR2","11.4703998565674","0.0750999972224236",0.14
"ITPR3","11.9315004348755","0.253899991512299",0.14
"ITSN1","9.51620006561279","-0.470899999141693",0.14
"ITSN2","10.9118003845215","0.457500010728836",0.14
"IVD","10.0187997817993","-0.364300012588501",0.14
"IWS1","10.2813997268677","0.255100011825562",0.14
"JAK1","12.9965000152588","0.415600001811981",0.13
"JAK2","10.604700088501","0.391299992799759",0.16
"JAK3","11.1744003295898","-0.209299996495247",0.17
"JARID2","8.85149955749512","0.437299996614456",0.16
"JMY","9.2371997833252","-0.403699994087219",0.15
"JUN","9.99320030212402","-0.401800006628036",0.14
"KALRN","7.47730016708374","0.470299988985062",0.13
"KAT2B","9.84529972076416","-0.469900012016296",0.15
"KCNA1","0.618499994277954","-0.188800007104874",0.15
"KCNA10","0","0.440699994564056",0.15
"KCNA3","7.08360004425049","-0.0582000017166138",0.13
"KCNA4","0.342200011014938","-0.374099999666214",0.14
"KCNA5","3.5158998966217","-0.465200006961823",0.16
"KCNAB1","5.22510004043579","0.407999992370605",0.12
"KCNAB2","9.88259983062744","-0.111199997365475",0.13
"KCND2","1.05009996891022","-0.337000012397766",0.15
"KCND3","3.04040002822876","-0.481400012969971",0.15
"KCNF1","0.342200011014938","-0.259400010108948",0.14
"KCNG4","0.342200011014938","0.389400005340576",0.15
"KCNH1","2.89219999313354","-0.414200007915497",0.14
"KCNH3","4.79530000686646","0.124300003051758",0.14
"KCNH5","0","0.356299996376038",0.14
"KCNJ12","2.5404999256134","-0.455099999904633",0.15
"KCNJ15","8.91450023651123","0.229499995708466",0.14
"KCNJ2","9.71360015869141","0.323300004005432",0.15
"KCNQ4","2.24710011482239","-0.402799993753433",0.14
"KDM1A","10.2147998809814","0.381900012493134",0.14
"KDM5B","10.2273998260498","-0.222499996423721",0.15
"KDR","8.4503002166748","0.404100000858307",0.15
"KEAP1","10.5083999633789","-0.460700005292892",0.14
"KHK","6.44519996643066","0.277900010347366",0.14
"KHSRP","10.9944000244141","0.409299999475479",0.14
"KIAA0319","4.97790002822876","-0.483500003814697",0.13
"KIAA1549","9.04740047454834","0.2533999979496",0.14
"KIF15","7.95760011672974","-0.38400000333786",0.12
"KIF17","5.77610015869141","-0.48539999127388",0.13
"KIF20A","8.77070045471191","0.43079999089241",0.14
"KIF2A","10.1451997756958","0.157600000500679",0.15
"KIF4B","3.21690011024475","-0.20720000565052",0.14
"KIF5A","5.09549999237061","0.130300000309944",0.14
"KIF5C","5.29559993743896","0.401399999856949",0.13
"KIF7","5.99490022659302","-0.380400002002716",0.15
"KIFAP3","10.4534997940063","-0.412499994039536",0.16
"KIR2DL4","2.78419995307922","0.401199996471405",0.15
"KIR3DL1","1.62660002708435","0.218600004911423",0.14
"KIR3DL2","1.79180002212524","0.443699985742569",0.14
"KIT","7.27279996871948","-0.439999997615814",0.15
"KITLG","11.4982995986938","0.0720999985933304",0.14
"KLC1","10.0593996047974","0.385899990797043",0.15
"KLK3","0","0.43079999089241",0.13
"KLK5","1.52289998531342","0.395399987697601",0.16
"KLRC1","2.99259996414185","0.428900003433228",0.15
"KNTC1","9.44369983673096","-0.409099996089935",0.13
"KPNA2","11.3692998886108","-0.472799986600876",0.14
"KPNB1","12.7005996704102","-0.474900007247925",0.14
"KRAS","10.5994997024536","-0.473699986934662",0.14
"KSR2","6.36409997940063","-0.201299995183945",0.15
"LAMA1","9.65820026397705","-0.11710000038147",0.14
"LAMA2","8.49479961395264","-0.181199997663498",0.13
"LAMA3","10.1932001113892","-0.278699994087219",0.14
"LAMA4","10.2040004730225","0.358200013637543",0.13
"LAMA5","11.8863000869751","-0.180899992585182",0.16
"LAMB1","13.3899002075195","0.287099987268448",0.13
"LAMB2","11.3403997421265","0.068000003695488",0.13
"LAMB3","9.3503999710083","0.458299994468689",0.15
"LAMC1","12.6883001327515","0.393200010061264",0.14
"LAMC3","7.16389989852905","0.349999994039536",0.13
"LCE1C","0","0.34689998626709",0.14
"LCT","0.618499994277954","0.45320001244545",0.14
"LDLR","9.80399990081787","-0.347099989652634",0.14
"LEO1","8.90559959411621","-0.479499995708466",0.14
"LEPR","8.65690040588379","0.33610001206398",0.13
"LHCGR","0","0.42179998755455",0.14
"LIFR","11.4947004318237","0.0804999992251396",0.14
"LIG1","9.00749969482422","-0.474200010299683",0.13
"LIG3","8.90810012817383","-0.485900014638901",0.14
"LILRA1","5.97809982299805","-0.289200007915497",0.13
"LILRA4","3.87290000915527","0.30349999666214",0.13
"LILRB1","10.3570003509521","0.00749999983236194",0.14
"LILRB3","9.47710037231445","0.411500006914139",0.15
"LIMK1","11.3548002243042","-0.433099985122681",0.13
"LIMK2","10.4146995544434","0.196199998259544",0.14
"LIN54","9.01340007781982","-0.48199999332428",0.14
"LINGO1","5.25570011138916","0.379599988460541",0.15
"LLGL1","9.35869979858398","0.429300010204315",0.14
"LLGL2","8.38939952850342","0.184799998998642",0.14
"LMO7","10.4568004608154","0.171900004148483",0.13
"LMOD1","7.21939992904663","0.282900005578995",0.14
"LNX1","5.90420007705688","0.0720999985933304",0.15
"LONP2","10.492600440979","-0.44310000538826",0.17
"LOXL4","9.45209980010986","0.144299998879433",0.13
"LPA","0","0.17059999704361",0.15
"LPAR1","8.11079978942871","-0.0885000005364418",0.15
"LPIN1","9.94699954986572","-0.280000001192093",0.15
"LPIN2","11.713399887085","0.269499987363815",0.16
"LPIN3","8.37779998779297","-0.088299997150898",0.13
"LRIG1","9.83979988098145","0.0811000019311905",0.14
"LRP12","9.26949977874756","0.389200001955032",0.13
"LRP2","7.19320011138916","0.349200010299683",0.13
"LRP5","9.0423002243042","0.0719999969005585",0.13
"LRP6","10.1819000244141","0.0328000001609325",0.13
"LRP8","7.73280000686646","0.10530000180006",0.15
"LRRC7","0","0.168500006198883",0.15
"LRRFIP1","12.0733003616333","0.350400000810623",0.14
"LSM11","7.44659996032715","-0.386400014162064",0.15
"LTF","10.7525997161865","-0.0562999993562698",0.14
"LYN","12.0173997879028","0.206900000572205",0.15
"MAD1L1","8.38589954376221","0.390199989080429",0.14
"MAD2L1","8.96399974822998","-0.452600002288818",0.14
"MADD","10.4469003677368","-0.445100009441376",0.14
"MAG","0.850399971008301","0.484699994325638",0.14
"MALT1","10.2412004470825","-0.473100006580353",0.15
"MAML1","9.97379970550537","0.0443000011146069",0.16
"MAML3","7.98379993438721","0.296000003814697",0.13
"MAN2A1","11.0318002700806","0.411199986934662",0.15
"MAN2A2","10.8832998275757","-0.40939998626709",0.17
"MAN2B1","12.085599899292","-0.301600009202957",0.15
"MAP2K1","10.4959001541138","0.23870000243187",0.15
"MAP2K3","9.67679977416992","0.35479998588562",0.15
"MAP2K4","9.59869956970215","-0.32600000500679",0.15
"MAP3K1","11.5313997268677","-0.363599985837936",0.14
"MAP3K10","6.41919994354248","0.368499994277954",0.13
"MAP3K11","10.5255002975464","0.177799999713898",0.14
"MAP3K4","9.37619972229004","-0.424499988555908",0.12
"MAP3K5","10.1506004333496","-0.395099997520447",0.15
"MAP3K7","9.67630004882812","-0.471300005912781",0.13
"MAP3K8","8.89350032806396","-0.392800003290176",0.14
"MAP4K4","11.4649000167847","0.437599986791611",0.16
"MAPK4","1.05009996891022","-0.290300011634827",0.15
"MAPK6","9.82719993591309","-0.487500011920929",0.14
"MAPK7","8.54459953308105","-0.457399994134903",0.16
"MAPT","4.75290012359619","0.360000014305115",0.15
"MARK2","10.2497997283936","-0.401699990034103",0.15
"MBD5","8.76089954376221","0.276899993419647",0.13
"MBTPS1","11.3903999328613","-0.419800013303757",0.15
"MC3R","0.618499994277954","-0.359899997711182",0.12
"MCCC1","9.35219955444336","0.393700003623962",0.13
"MCF2L","6.53620004653931","0.410600006580353",0.15
"MCM10","7.6117000579834","-0.48089998960495",0.13
"MCM3AP","10.6828002929688","-0.44650000333786",0.15
"MCM5","10.6416997909546","0.41499999165535",0.14
"MCM6","10.1499996185303","-0.45660001039505",0.15
"MCM7","11.7121000289917","0.389099985361099",0.14
"MCPH1","8.84580039978027","0.280099987983704",0.15
"MDM2","11.9734001159668","-0.460599988698959",0.14
"MDM4","8.81169986724854","-0.429100006818771",0.14
"MED1","11.0097999572754","0.0132999997586012",0.14
"MEF2C","10.682900428772","0.381900012493134",0.14
"MEF2D","10.2332000732422","0.268400013446808",0.14
"MELK","8.71940040588379","-0.463699996471405",0.15
"MERTK","9.93050003051758","-0.402999997138977",0.13
"MET","14.3240003585815","0.168200001120567",0.13
"MFAP1","9.46630001068115","-0.460299998521805",0.12
"MFN1","9.53509998321533","-0.483300000429153",0.14
"MGAM","4.11499977111816","0.305500000715256",0.16
"MIA3","10.9007997512817","-0.476599991321564",0.14
"MIB1","10.3247995376587","-0.468699991703033",0.16
"MINPP1","9.25629997253418","-0.450899988412857",0.14
"MKI67","12.0270004272461","-0.403499990701675",0.14
"MLH1","9.77740001678467","-0.479600012302399",0.13
"MLH3","8.23390007019043","-0.400200009346008",0.15
"MMP14","11.7152996063232","0.398000001907349",0.14
"MMP15","7.88759994506836","0.449200004339218",0.14
"MMP25","6.01039981842041","0.382600009441376",0.14
"MMP3","0.618499994277954","0.446999996900558",0.16
"MMRN1","6.33559989929199","0.193599998950958",0.15
"MNDA","10.1875","0.00870000012218952",0.13
"MOV10","10.085000038147","-0.45660001039505",0.14
"MPHOSPH10","9.25129985809326","-0.472799986600876",0.14
"MPO","3.44670009613037","0.339899986982346",0.14
"MSH4","0.618499994277954","0.327199995517731",0.15
"MSH5","6.57719993591309","-0.372200012207031",0.14
"MSH6","10.6878995895386","-0.469599992036819",0.14
"MTA2","10.9781999588013","0.298700004816055",0.14
"MTMR4","10.2383003234863","0.153899997472763",0.14
"MTOR","10.9889001846313","0.435999989509583",0.15
"MTSS1","9.1830997467041","0.172999992966652",0.14
"MUC16","10.4106998443604","0.351500004529953",0.14
"MUC4","0.850399971008301","0.200599998235703",0.14
"MUC5B","2.47259998321533","0.469900012016296",0.15
"MUC6","1.65139997005463","0.0961999967694283",0.14
"MUC7","0","0.02280000038445",0.13
"MUSK","0","0.349400013685226",0.13
"MUTYH","7.18349981307983","-0.46340000629425",0.14
"MX1","10.943699836731","-0.173899993300438",0.14
"MX2","8.86559963226318","-0.257099986076355",0.14
"MYB","6.17920017242432","0.067100003361702",0.14
"MYBBP1A","10.0789003372192","0.0454000011086464",0.14
"MYBL1","9.00139999389648","-0.472400009632111",0.14
"MYBL2","9.29189968109131","-0.485700011253357",0.15
"MYF5","0","-0.070200003683567",0.17
"MYF6","0.342200011014938","-0.18019999563694",0.14
"MYH11","9.51580047607422","0.43970000743866",0.14
"MYH4","0","-0.0540000014007092",0.16
"MYLK","12.4554004669189","0.364800006151199",0.13
"MYO10","10.1336002349854","0.412099987268448",0.12
"MYO18A","10.5373001098633","0.408300012350082",0.13
"MYSM1","7.22709989547729","-0.478199988603592",0.14
"NAA25","10.0479001998901","-0.461400002241135",0.13
"NASP","10.6497001647949","-0.475300014019012",0.14
"NAT10","10.4281997680664","-0.475100010633469",0.15
"NBEAL2","9.72039985656738","-0.0227000005543232",0.14
"NBR1","12.111499786377","-0.460200011730194",0.15
"NCAM1","4.26310014724731","0.410100013017654",0.14
"NCAN","0","-0.456999987363815",0.15
"NCAPD2","11.7284002304077","0.418199986219406",0.14
"NCF2","10.1826000213623","-0.234999999403954",0.15
"NCF4","9.26700019836426","0.00839999970048666",0.14
"NCL","13.1862001419067","0.448900014162064",0.12
"NCOA2","10.1197004318237","-0.463699996471405",0.14
"NCOR1","11.7409000396729","0.449400007724762",0.13
"NCOR2","12.067099571228","0.400999993085861",0.14
"NDC80","8.15750026702881","-0.450899988412857",0.14
"NDST1","10.6398000717163","0.31700000166893",0.14
"NEK1","9.50879955291748","-0.473100006580353",0.14
"NEK9","10.9040002822876","-0.479999989271164",0.16
"NELL2","8.41110038757324","-0.000300000014249235",0.14
"NEO1","10.9412002563477","0.403200000524521",0.14
"NEUROD1","0.342200011014938","-0.120300002396107",0.14
"NEUROG3","4.09250020980835","-0.483599990606308",0.14
"NF1","11.2487001419067","0.155300006270409",0.14
"NFASC","7.29209995269775","0.420700013637543",0.14
"NFATC1","9.41069984436035","0.307200014591217",0.13
"NFATC2","9.44820022583008","-0.00760000012814999",0.14
"NFATC3","10.1276998519897","-0.437799990177155",0.16
"NFE2L2","12.0885000228882","0.0410999990999699",0.15
"NFKB1","11.3206996917725","0.23589999973774",0.14
"NFRKB","9.36340045928955","0.415399998426437",0.13
"NGEF","7.59779977798462","0.386900007724762",0.14
"NHLRC1","5.26579999923706","-0.386500000953674",0.14
"NID1","10.2952995300293","0.432500004768372",0.14
"NID2","8.69069957733154","-0.0986000001430511",0.15
"NIPBL","11.2405996322632","-0.43529999256134",0.13
"NLGN1","8.12329959869385","0.429800003767014",0.14
"NLGN2","8.86730003356934","0.233999997377396",0.15
"NMD3","10.2253999710083","-0.47859999537468",0.14
"NOD1","8.35200023651123","0.430299997329712",0.15
"NOL6","10.3889999389648","-0.444999992847443",0.13
"NOP14","9.9694995880127","-0.408899992704391",0.15
"NOP2","9.83899974822998","-0.210999995470047",0.15
"NOP58","9.89970016479492","-0.436699986457825",0.14
"NOS2","2.60540008544922","0.126300007104874",0.14
"NOS3","6.70310020446777","0.370900005102158",0.15
"NOTCH1","10.7006998062134","0.368099987506866",0.15
"NOTCH2","12.5906000137329","0.442999988794327",0.15
"NOTCH3","9.89400005340576","0.418300002813339",0.14
"NPAS2","9.5797004699707","0.130700007081032",0.14
"NPBWR1","0.850399971008301","-0.363099992275238",0.13
"NPFFR2","3.37409996986389","0.415899991989136",0.13
"NPHS1","0.618499994277954","-0.319400012493134",0.14
"NPLOC4","11.4750003814697","-0.0219999998807907",0.14
"NPY1R","9.3144998550415","0.198300004005432",0.14
"NPY2R","0.342200011014938","0.258100003004074",0.14
"NR2E1","0","-0.0729999989271164",0.14
"NR4A2","7.55329990386963","-0.455399990081787",0.13
"NRBP1","11.1575002670288","-0.452300012111664",0.15
"NRF1","8.45359992980957","-0.433899998664856",0.13
"NRG1","8.75559997558594","-0.0546999983489513",0.14
"NRG2","4.28310012817383","0.350400000810623",0.14
"NRG3","7.22970008850098","-0.283699989318848",0.14
"NRIP1","11.5087003707886","0.09009999781847",0.14
"NRP1","12.504599571228","0.418300002813339",0.15
"NSMAF","10.0310001373291","-0.477699995040894",0.13
"NTHL1","6.46369981765747","-0.466800004243851",0.14
"NTRK1","2.99259996414185","0.0399999991059303",0.14
"NTRK2","8.89430046081543","-0.328999996185303",0.13
"NTRK3","3.25780010223389","-0.47859999537468",0.14
"NUDT7","5.55579996109009","-0.477999985218048",0.16
"NUMBL","8.05669975280762","-0.46450001001358",0.13
"NUP133","9.94550037384033","0.404900014400482",0.14
"NUP153","11.0004997253418","-0.45440000295639",0.15
"NUP155","9.53299999237061","-0.47639998793602",0.14
"NUP210","11.520899772644","-0.0527999997138977",0.15
"NUP214","10.8797998428345","-0.474299997091293",0.14
"NUP43","9.57759952545166","-0.476700007915497",0.13
"NUP62","11.1513004302979","0.124899998307228",0.13
"NUP93","9.98639965057373","0.405299991369247",0.15
"NXF1","10.2033004760742","-0.466899991035461",0.13
"OAS1","10.4743003845215","-0.403200000524521",0.14
"OAS2","12.1750001907349","-0.335999995470047",0.15
"OAS3","12.3308000564575","-0.480100005865097",0.14
"OLFM4","2.83920001983643","0.298700004816055",0.15
"OPN4","0.618499994277954","0.223700001835823",0.12
"OPRL1","7.10340023040771","0.380499988794327",0.13
"OPRM1","0","0.426800012588501",0.14
"OPTN","11.9167003631592","0.25110000371933",0.14
"OTUD7B","8.73490047454834","-0.398099988698959",0.13
"OXER1","4.43359994888306","0.0408999994397163",0.15
"OXSM","7.21420001983643","-0.373199999332428",0.14
"P4HA1","10.8464002609253","0.438699990510941",0.16
"PADI2","9.34920024871826","0.046399999409914",0.14
"PAG1","11.3522996902466","-0.0182000007480383",0.13
"PAK1","11.2885999679565","-0.409299999475479",0.14
"PAK4","9.5797004699707","-0.232999995350838",0.13
"PANK4","8.58609962463379","0.427799999713898",0.14
"PAPOLA","11.9758996963501","-0.459399998188019",0.13
"PARP1","12.239800453186","0.336600005626678",0.15
"PARP4","12.2051000595093","-0.427899986505508",0.14
"PARVA","10.4361000061035","0.431699991226196",0.15
"PAX5","1.76929998397827","0.152199998497963",0.14
"PCBP2","13.5481996536255","0.368000000715256",0.14
"PDCD10","9.80879974365234","-0.489699989557266",0.14
"PDCD11","10.540599822998","-0.485500007867813",0.14
"PDE6B","8.99899959564209","-0.461199998855591",0.14
"PDGFRA","8.5496997833252","0.0555999986827374",0.14
"PDGFRB","10.336199760437","0.235400006175041",0.13
"PDLIM7","9.30469989776611","0.300599992275238",0.13
"PDS5A","11.7781000137329","-0.467000007629395",0.14
"PDS5B","10.0375995635986","0.414600014686584",0.14
"PDYN","0.618499994277954","-0.145500004291534",0.14
"PES1","10.2242002487183","-0.472000002861023",0.14
"PFKM","10.5348997116089","0.452300012111664",0.16
"PFKP","11.5068998336792","0.342000007629395",0.14
"PGM2","9.65340042114258","-0.43520000576973",0.15
"PGM5","7.82089996337891","-0.351099997758865",0.14
"PHC2","11.8009996414185","0.0794000029563904",0.13
"PHF12","10.0843000411987","0.0799999982118607",0.14
"PHF19","9.85410022735596","0.0740000009536743",0.17
"PHKB","10.9091997146606","-0.430900007486343",0.14
"PIAS2","8.10939979553223","0.346199989318848",0.14
"PIH1D1","9.46140003204346","-0.466500014066696",0.15
"PIK3C2A","10.6445999145508","0.456699997186661",0.13
"PIK3CB","10.6771001815796","0.43299999833107",0.14
"PIK3CD","11.2871999740601","0.150299996137619",0.14
"PIK3CG","10.0209999084473","0.09740000218153",0.14
"PIK3R1","11.3274002075195","-0.331900000572205",0.14
"PIK3R2","10.5024003982544","-0.451700001955032",0.14
"PIK3R5","9.55370044708252","0.0758000016212463",0.16
"PIK3R6","7.4987998008728","-0.408300012350082",0.13
"PIP4K2C","10.479700088501","-0.464399993419647",0.15
"PIP5K1C","10.3166999816895","0.248400002717972",0.15
"PITPNM1","10.3220996856689","-0.429500013589859",0.14
"PITX2","7.34579992294312","-0.249099999666214",0.14
"PKN1","11.5939998626709","-0.0619000010192394",0.14
"PKN2","10.2437000274658","-0.489100009202957",0.15
"PKN3","6.14690017700195","0.403800010681152",0.14
"PKP1","5.15089988708496","-0.301899999380112",0.14
"PKP2","6.18989992141724","0.277900010347366",0.14
"PLA2G4A","8.78479957580566","-0.438800007104874",0.14
"PLAU","12.375","0.136500000953674",0.17
"PLCB1","7.67920017242432","-0.407299995422363",0.14
"PLCB2","10.0305995941162","-0.22579999268055",0.16
"PLCB4","9.18509960174561","0.095100000500679",0.15
"PLCD4","5.78319978713989","0.0286999996751547",0.14
"PLCE1","8.16829967498779","-0.248099997639656",0.16
"PLCG1","10.6002998352051","-0.161300003528595",0.13
"PLCG2","10.1709003448486","0.341899991035461",0.14
"PLCZ1","0","0.436300009489059",0.13
"PLD1","10.3638000488281","0.39520001411438",0.13
"PLEKHG2","9.30599975585938","0.397700011730194",0.14
"PLIN2","10.0288000106812","0.453299999237061",0.15
"PLK2","11.967399597168","0.275700002908707",0.15
"PLK4","7.85629987716675","-0.415300011634827",0.13
"PLXNB1","11.3432998657227","0.0728000029921532",0.13
"PLXNB2","13.3892002105713","0.00680000009015203",0.15
"PLXND1","11.5967998504639","0.41499999165535",0.15
"PMEPA1","11.3572998046875","0.394199997186661",0.15
"PMS1","8.08250045776367","-0.487199991941452",0.14
"PMS2","9.45810031890869","0.332599997520447",0.14
"POLA2","9.12349987030029","0.113899998366833",0.15
"POLD1","9.04669952392578","0.344700008630753",0.15
"POLE","9.79749965667725","0.263700008392334",0.15
"POLN","2.33010005950928","0.455700010061264",0.13
"POLR1B","9.48419952392578","0.430999994277954",0.13
"POLR2A","12.7966995239258","0.114200003445148",0.14
"POLR3A","9.61009979248047","-0.435799986124039",0.17
"POM121","11.5086002349854","0.405600011348724",0.15
"POU2F1","7.00159978866577","-0.466199994087219",0.12
"POU4F2","0","-0.335799992084503",0.14
"PPARA","10.0120000839233","-0.421900004148483",0.13
"PPARG","8.67000007629395","0.0361000001430511",0.14
"PPARGC1A","9.85750007629395","0.158299997448921",0.13
"PPARGC1B","5.0378999710083","-0.465400010347366",0.14
"PPM1L","6.60920000076294","-0.440100014209747",0.14
"PPP1R13L","7.79850006103516","-0.0408000014722347",0.16
"PPP1R15B","10.6400003433228","-0.462199985980988",0.14
"PPP1R3A","0","0.257400006055832",0.14
"PPP2R1A","12.0221004486084","-0.461699992418289",0.15
"PPP2R5B","8.63449954986572","-0.423599988222122",0.13
"PPP2R5D","10.0825004577637","-0.477100014686584",0.15
"PPP3CA","9.97259998321533","0.313800007104874",0.14
"PPP4R2","9.06270027160645","-0.44080001115799",0.15
"PPRC1","10.3044996261597","0.359699994325638",0.14
"PRCC","10.0508003234863","-0.483799993991852",0.14
"PRDM1","9.87769985198975","0.097800001502037",0.14
"PRDM14","0","-0.0406000018119812",0.15
"PRDX1","13.1056003570557","0.413300007581711",0.14
"PRICKLE2","8.05669975280762","-0.0249000005424023",0.14
"PRKAA1","10.7228002548218","-0.470899999141693",0.16
"PRKACG","0","-0.436699986457825",0.15
"PRKCA","10.423999786377","0.165900006890297",0.14
"PRKCB","11.1634998321533","0.455000013113022",0.13
"PRKCD","10.2981004714966","0.149700000882149",0.15
"PRKCH","10.8914003372192","0.42620000243187",0.13
"PRKCQ","8.11629962921143","-0.00270000007003546",0.15
"PRKD1","7.85129976272583","0.174600005149841",0.16
"PRLR","7.55530023574829","0.405400007963181",0.13
"PRMT5","9.56040000915527","-0.442699998617172",0.14
"PRMT7","8.10799980163574","-0.486299991607666",0.14
"PROC","4.32219982147217","0.252999991178513",0.14
"PROS1","10.7173004150391","-0.352800011634827",0.14
"PRPF19","11.102499961853","-0.392699986696243",0.15
"PRPF3","8.95390033721924","-0.460999995470047",0.14
"PRPF39","7.91190004348755","-0.460200011730194",0.14
"PRPF4","9.82719993591309","-0.468300014734268",0.14
"PRPF6","11.1695995330811","-0.376300007104874",0.14
"PRPF8","13.2243003845215","-0.446799993515015",0.13
"PSEN2","8.78040027618408","0.437900006771088",0.14
"PSG1","0","0.0720999985933304",0.15
"PSG11","0","0.435799986124039",0.14
"PSG3","0","0.0895000025629997",0.14
"PSG6","0","0.327600002288818",0.16
"PSG8","0","0.361200004816055",0.14
"PSMC6","9.67819976806641","-0.473800003528595",0.15
"PSMD1","11.4180002212524","0.435900002717972",0.15
"PSMD11","10.3522996902466","-0.472200006246567",0.14
"PSMD12","9.73729991912842","-0.419999986886978",0.14
"PSMD3","11.1925001144409","-0.474000006914139",0.14
"PSMD4","11.1201000213623","-0.474700003862381",0.14
"PTBP1","12.1957998275757","0.457399994134903",0.14
"PTCH1","8.49050045013428","-0.108199998736382",0.14
"PTGER2","7.14489984512329","0.34400001168251",0.16
"PTGER3","2.08820009231567","0.412299990653992",0.15
"PTHLH","7.10340023040771","-0.101300001144409",0.15
"PTK2","10.8437004089355","0.42289999127388",0.11
"PTK2B","10.5700998306274","-0.238100007176399",0.14
"PTPN13","10.4788999557495","0.214000001549721",0.13
"PTPN14","9.14680004119873","0.271200001239777",0.16
"PTPN2","9.76679992675781","-0.488599985837936",0.14
"PTPN22","9.13039970397949","-0.158299997448921",0.15
"PTPN23","10.5599002838135","0.397899985313416",0.16
"PTPN3","10.8865995407104","-0.272599995136261",0.16
"PTPN4","7.88110017776489","0.294600009918213",0.15
"PTPN9","10.3108997344971","0.417199999094009",0.14
"PTPRB","8.65950012207031","0.350400000810623",0.16
"PTPRC","13.2953996658325","0.0953999981284142",0.13
"PTPRJ","12.3187999725342","0.131600007414818",0.14
"PTPRO","9.73589992523193","-0.462399989366531",0.15
"PTPRU","8.68980026245117","-0.268700003623962",0.15
"PTPRZ1","0.342200011014938","0.3716000020504",0.14
"PUM1","11.3001003265381","0.403600007295609",0.14
"PWP2","9.42529964447021","0.441700011491776",0.14
"PYGB","12.444899559021","0.330900013446808",0.14
"PYGL","10.6416997909546","-0.477200001478195",0.13
"PYGM","2.83920001983643","0.375800013542175",0.13
"QSOX1","11.1476001739502","0.417800009250641",0.14
"RAB3GAP1","10.8137998580933","-0.440200001001358",0.15
"RAB3GAP2","10.1503000259399","-0.449200004339218",0.15
"RAD54L","7.83449983596802","-0.48769998550415",0.14
"RAF1","10.8873996734619","0.435099989175797",0.15
"RAI1","9.54909992218018","0.209700003266335",0.16
"RALBP1","10.7379999160767","0.349299997091293",0.14
"RANGAP1","11.2009000778198","0.413100004196167",0.15
"RAPGEF1","11.5862998962402","0.221599996089935",0.15
"RASA3","10.2595996856689","-0.223700001835823",0.14
"RASAL2","9.23079967498779","0.416299998760223",0.14
"RASGRF2","5.15089988708496","-0.252499997615814",0.14
"RASGRP2","6.6596999168396","-0.214599996805191",0.13
"RASGRP4","7.25769996643066","0.403899997472763",0.14
"RB1","11.8821001052856","0.307900011539459",0.15
"RB1CC1","10.5979995727539","-0.475400000810623",0.15
"RBL1","8.64900016784668","-0.379099994897842",0.13
"RBM14","9.84829998016357","-0.472900003194809",0.13
"RBM28","9.12899971008301","0.418300002813339",0.14
"RBM5","10.4461002349854","-0.424600005149841",0.14
"RCC1","8.76169967651367","0.0153999999165535",0.14
"RECQL4","7.4197998046875","0.366200000047684",0.14
"REL","7.4576997756958","-0.454800009727478",0.16
"REST","9.34270000457764","-0.397799998521805",0.15
"RET","4.28310012817383","-0.458000004291534",0.14
"REV1","8.88700008392334","0.255299985408783",0.15
"REV3L","9.88790035247803","0.361900001764297",0.15
"RFC1","10.6815004348755","-0.479400008916855",0.13
"RFC4","8.58810043334961","-0.480800002813339",0.14
"RFFL","10.4518003463745","0.101899996399879",0.14
"RHOA","13.7795000076294","-0.475199997425079",0.16
"RHOBTB2","9.53330039978027","0.217899993062019",0.13
"RHOT1","9.8612003326416","-0.483200013637543",0.14
"RIN1","7.5346999168396","0.156200006604195",0.15
"RIPK1","10.2727003097534","0.376599997282028",0.15
"RIPK3","6.9242000579834","-0.314000010490417",0.14
"RNF111","10.2901000976562","-0.415199995040894",0.14
"RNF20","10.6000003814697","0.319599986076355",0.15
"RNF213","14.3366003036499","-0.446099996566772",0.13
"RNF220","10.068699836731","-0.418300002813339",0.14
"RNF31","9.32680034637451","-0.0767000019550323",0.15
"ROBO1","11.1975002288818","-0.442200005054474",0.15
"ROBO2","6.07429981231689","-0.18129999935627",0.15
"ROCK2","10.2104997634888","-0.0834999978542328",0.16
"ROR1","6.73050022125244","0.18690000474453",0.15
"ROR2","6.39650011062622","-0.147699996829033",0.13
"RPAP2","8.00349998474121","-0.463899999856949",0.14
"RPGRIP1L","8.11359977722168","-0.485700011253357",0.15
"RPN1","12.9884004592896","-0.483000010251999",0.14
"RPP40","6.36409997940063","-0.455199986696243",0.14
"RPRD1B","10.0228004455566","-0.242500007152557",0.15
"RPS6KA1","11.4018001556396","-0.0366999991238117",0.15
"RPS6KA2","8.19219970703125","0.48429998755455",0.13
"RPS6KA5","6.87569999694824","0.396800011396408",0.14
"RPS6KB2","8.37779998779297","-0.485000014305115",0.15
"RPTOR","9.72869968414307","0.321099996566772",0.14
"RRAGD","9.94779968261719","0.26240000128746",0.14
"RRM1","10.6208000183105","-0.386799991130829",0.15
"RRP1","7.54500007629395","-0.474900007247925",0.13
"RRP12","9.73320007324219","-0.39640000462532",0.14
"RRP9","7.94509983062744","0.37279999256134",0.14
"RXFP1","2.5404999256134","0.42960000038147",0.13
"RXFP3","0","-0.465799987316132",0.14
"RYR1","7.22970008850098","0.378500014543533",0.13
"RYR2","5.01420021057129","0.277700006961823",0.15
"SAFB2","10.0756998062134","0.367900013923645",0.15
"SALL1","10.1993999481201","0.267399996519089",0.13
"SALL4","3.61380004882812","0.183200001716614",0.13
"SAMHD1","12.6501998901367","-0.450100004673004",0.14
"SAP130","9.79839992523193","-0.448599994182587",0.14
"SART1","9.61750030517578","-0.413100004196167",0.15
"SCARA3","10.6365995407104","-0.402700006961823",0.15
"SCCPDH","10.1506004333496","-0.439500004053116",0.14
"SCN10A","0","0.000199999994947575",0.13
"SCN1A","0","0.425999999046326",0.14
"SCN3A","9.69219970703125","0.364100009202957",0.14
"SCN4A","2.24710011482239","0.189899995923042",0.13
"SCN8A","3.92470002174377","0.436199992895126",0.14
"SCRIB","10.0656003952026","0.278299987316132",0.14
"SCYL2","10.8074998855591","-0.468100011348724",0.15
"SDC1","10.8543996810913","0.145899996161461",0.14
"SEC13","10.7446002960205","0.225899994373322",0.14
"SEC14L1","11.5390996932983","0.438499987125397",0.14
"SEC24C","11.7204999923706","-0.44760000705719",0.15
"SELP","6.48540019989014","0.440499991178513",0.14
"SEMA3A","9.16440010070801","0.31139999628067",0.13
"SEMA3C","11.8540000915527","-0.389800012111664",0.15
"SEMA4F","7.8173999786377","-0.484200000762939",0.14
"SEMA4G","7.58920001983643","-0.110500000417233",0.15
"SEMG1","0","-0.179800003767014",0.15
"SERPINA1","14.7396001815796","0.0428000018000603",0.13
"SERPINA5","7.74550008773804","0.424800008535385",0.14
"SERPINB3","2.32620000839233","0.0564999990165234",0.15
"SERPINC1","0.342200011014938","0.263599991798401",0.15
"SERPINF1","10.2292995452881","0.250900000333786",0.14
"SERPING1","14.582799911499","-0.317799985408783",0.13
"SF3B2","12.0122995376587","-0.480399996042252",0.13
"SF3B3","12.0504999160767","-0.436300009489059",0.15
"SF3B4","10.4889001846313","0.403899997472763",0.14
"SGIP1","5.50570011138916","0.426899999380112",0.15
"SH2D2A","9.05179977416992","0.114000000059605",0.14
"SH2D3C","8.71479988098145","0.0874999985098839",0.14
"SH3BP5","7.81750011444092","0.420800000429153",0.14
"SH3GL2","1.38180005550385","-0.307700008153915",0.15
"SHANK1","1.38180005550385","-0.302799999713898",0.15
"SHC4","3.54929995536804","-0.408399999141693",0.13
"SIPA1L1","10.0558996200562","0.43079999089241",0.14
"SIRPG","9.35400009155273","-0.18529999256134",0.15
"SKA1","7.59180021286011","-0.483799993991852",0.14
"SLC12A3","3.44670009613037","0.447499990463257",0.14
"SLC25A12","8.74030017852783","-0.423099994659424",0.14
"SLC25A13","9.78450012207031","0.420700013637543",0.15
"SLC27A5","5.58160018920898","0.296999990940094",0.15
"SLC2A3","10.7333002090454","-0.443899989128113",0.15
"SLC6A4","0","0.371300011873245",0.13
"SLCO4C1","9.22630023956299","-0.366499990224838",0.15
"SMAD2","10.7740001678467","-0.484600007534027",0.14
"SMAD3","11.128999710083","-0.012699999846518",0.14
"SMARCA2","11.8465003967285","-0.427500009536743",0.14
"SMARCA4","11.4518003463745","0.426499992609024",0.14
"SMARCAL1","9.53919982910156","-0.448000013828278",0.16
"SMARCC1","11.4525995254517","-0.402700006961823",0.14
"SMARCC2","11.6197996139526","-0.485500007867813",0.12
"SMC2","10.2529001235962","-0.460299998521805",0.13
"SMC3","10.9035997390747","-0.478300005197525",0.13
"SMC5","9.99279975891113","-0.448100000619888",0.13
"SMO","10.078200340271","-0.486600011587143",0.16
"SMURF2","9.14200019836426","0.415199995040894",0.13
"SNAP25","7.00159978866577","-0.400599986314774",0.14
"SNAP91","1.52289998531342","-0.461800009012222",0.14
"SNAPC1","7.35290002822876","-0.459699988365173",0.14
"SNAPC3","8.3125","-0.398799985647202",0.14
"SND1","12.569299697876","-0.480199992656708",0.14
"SNRNP200","12.7116003036499","0.392500013113022",0.15
"SNRPN","10.33899974823","0.0456000007688999",0.14
"SNX9","10.5676002502441","-0.431600004434586",0.15
"SOCS6","10.4867000579834","0.203500002622604",0.15
"SORBS1","9.39299964904785","0.385899990797043",0.14
"SORBS3","10.3737001419067","0.33840000629425",0.14
"SORT1","10.9638004302979","-0.0940999984741211",0.15
"SOS1","10.8509998321533","0.417499989271164",0.14
"SOS2","10.0038003921509","0.418199986219406",0.14
"SP100","11.5232000350952","-0.454199999570847",0.12
"SP3","11.0029001235962","-0.473699986934662",0.15
"SPAG5","9.51620006561279","-0.449499994516373",0.14
"SPAG9","11.3177995681763","0.424400001764297",0.14
"SPARCL1","9.4124002456665","0.317099988460541",0.15
"SPATA13","10.6809997558594","-0.0320999994874001",0.12
"SPG7","9.97609996795654","0.440299987792969",0.13
"SPI1","11.4000997543335","0.139799997210503",0.14
"SPOP","10.2412004470825","-0.468100011348724",0.15
"SPOPL","10.0216999053955","-0.479299992322922",0.14
"SPRED1","11.3215999603271","0.18189999461174",0.15
"SPRY1","7.08930015563965","0.409799993038177",0.14
"SPTA1","1.38180005550385","0.349799990653992",0.13
"SPTAN1","13.1162004470825","0.427599996328354",0.15
"SPTB","4.9407000541687","0.301699995994568",0.14
"SPTBN2","7.77750015258789","-0.226799994707108",0.13
"SPTBN4","1.52289998531342","-0.390899986028671",0.13
"SPTBN5","3.44639992713928","0.0452000014483929",0.14
"SQSTM1","13.6934995651245","0.357899993658066",0.15
"SREBF1","10.8217000961304","0.324600011110306",0.12
"SRGAP2","10.4554004669189","0.34060001373291",0.15
"SRPK2","10.2279996871948","-0.444799989461899",0.15
"SRRM2","13.3966999053955","0.463600009679794",0.14
"SS18","10.7930002212524","-0.470499992370605",0.15
"SSH3","9.17650032043457","0.0419999994337559",0.15
"SSRP1","11.6611003875732","-0.484400004148483",0.14
"ST3GAL3","7.53049993515015","-0.0208000000566244",0.13
"ST6GALNAC1","0","0.20610000193119",0.15
"STAG1","10.2047004699707","0.0131000000983477",0.15
"STAM2","9.84490013122559","-0.456999987363815",0.14
"STAMBP","9.6963996887207","0.0274999998509884",0.16
"STAP1","5.63560009002686","-0.096000000834465",0.15
"STAT1","15.6522998809814","-0.123199999332428",0.15
"STAT3","12.9835996627808","-0.0685999989509583",0.16
"STAT5A","11.1652002334595","-0.294800013303757",0.15
"STAT5B","10.9998998641968","0.333099991083145",0.14
"STIM1","10.8516998291016","-0.031300000846386",0.15
"STK10","11.0749998092651","-0.187700003385544",0.15
"STK11IP","8.70100021362305","0.389400005340576",0.14
"STON1","6.94000005722046","0.261799991130829",0.14
"STON2","6.74139976501465","0.403400003910065",0.15
"STT3B","11.1798000335693","-0.474299997091293",0.14
"STXBP1","7.83949995040894","-0.465999990701675",0.14
"STXBP5","8.51179981231689","0.257600009441376",0.13
"STXBP5L","2.78419995307922","-0.398999989032745",0.14
"SUOX","8.79090023040771","-0.157199993729591",0.15
"SUPT16H","11.3362998962402","-0.48309999704361",0.14
"SUPT6H","11.543399810791","0.370000004768372",0.14
"SYK","11.1656999588013","-0.337799996137619",0.14
"SYMPK","10.7068996429443","-0.426800012588501",0.14
"SYNCRIP","12.0234003067017","-0.434399992227554",0.16
"SYNGAP1","7.8225998878479","0.439500004053116",0.14
"SYNJ1","9.45919990539551","-0.409200012683868",0.13
"SYNJ2","9.25129985809326","0.429100006818771",0.15
"SYNRG","11.1641998291016","0.225999996066093",0.14
"SYT11","11.1386003494263","0.315200001001358",0.13
"SYT5","1.05009996891022","-0.488099992275238",0.15
"SYT9","0.850399971008301","-0.0701000019907951",0.14
"TAAR1","0.618499994277954","0.416999995708466",0.14
"TAAR9","0","0.311699986457825",0.15
"TACC1","11.9568996429443","0.26010000705719",0.15
"TACC3","10.1563997268677","0.122500002384186",0.15
"TAF5","7.00460004806519","0.411100000143051",0.13
"TAF5L","9.1963996887207","0.434599995613098",0.14
"TAGAP","10.06130027771","0.100900001823902",0.13
"TANC1","9.27079963684082","0.380299985408783",0.16
"TAOK1","9.91300010681152","-0.462700009346008",0.14
"TAOK2","10.206600189209","0.375999987125397",0.13
"TAOK3","10.8016996383667","0.130300000309944",0.15
"TAX1BP1","11.9998998641968","-0.463800013065338",0.15
"TBL3","9.28380012512207","-0.425500005483627",0.14
"TBX5","0","0.127100005745888",0.14
"TCEA1","10.5369997024536","-0.457199990749359",0.14
"TCERG1","9.57359981536865","0.317900002002716",0.12
"TCF12","11.1858997344971","0.238299995660782",0.15
"TCF3","10.0720996856689","0.391299992799759",0.13
"TCHH","3.25780010223389","0.26690000295639",0.13
"TDRD3","8.06389999389648","-0.465799987316132",0.14
"TEC","6.67490005493164","-0.364800006151199",0.14
"TEK","7.59980010986328","0.441500008106232",0.15
"TELO2","8.6870002746582","-0.452800005674362",0.14
"TEP1","10.4034004211426","0.443300008773804",0.13
"TF","0.618499994277954","0.251700013875961",0.16
"TFAP2A","6.58129978179932","0.369700014591217",0.14
"TFAP2B","4.20149993896484","-0.142700001597404",0.13
"TFAP2C","2.66750001907349","-0.38629999756813",0.13
"TFIP11","9.88980007171631","0.423799991607666",0.15
"TFR2","3.87290000915527","-0.0737000033259392",0.14
"TG","3.48169994354248","0.0260000005364418",0.15
"TGFBI","13.0121002197266","0.187600001692772",0.14
"TGM1","2.24710011482239","0.379900008440018",0.15
"TGM2","14.9490003585815","0.284299999475479",0.14
"TGM5","0.618499994277954","0.281599998474121",0.14
"TIAM2","6.86409997940063","0.351300001144409",0.14
"TIMP3","9.87769985198975","0.179900005459785",0.15
"TKTL2","0.342200011014938","0.332500010728836",0.16
"TLE1","9.42479991912842","-0.220500007271767",0.13
"TLE2","6.00979995727539","-0.432399988174438",0.14
"TLE3","10.6595001220703","0.221000000834465",0.14
"TLL1","8.20670032501221","-0.339100003242493",0.16
"TLN2","9.06630039215088","0.293300002813339",0.15
"TLR3","9.09689998626709","-0.41609999537468",0.15
"TMEM30A","12.7826995849609","0.256999999284744",0.15
"TMEM63A","9.83390045166016","0.127599999308586",0.14
"TMPRSS6","1.97979998588562","0.256599992513657",0.15
"TNC","13.356499671936","0.355699986219406",0.14
"TNFAIP3","11.5726003646851","0.259299993515015",0.14
"TNFRSF8","5.11789989471436","-0.0714000016450882",0.13
"TNKS2","11.2659997940063","-0.0957999974489212",0.13
"TNPO1","11.8577995300293","-0.470899999141693",0.15
"TNR","0.342200011014938","0.335500001907349",0.15
"TNRC6A","10.1618003845215","-0.487500011920929",0.14
"TNRC6B","10.1878995895386","-0.0430999994277954",0.13
"TNS1","11.6426000595093","0.247600004076958",0.16
"TNS3","13.1728000640869","0.300500005483627",0.13
"TNS4","5.92969989776611","0.442799985408783",0.14
"TNXB","7.03859996795654","0.330300003290176",0.15
"TOM1","9.99279975891113","-0.484600007534027",0.14
"TOP1","12.0326995849609","-0.458700001239777",0.15
"TOP2A","11.5666999816895","-0.485700011253357",0.14
"TOP3B","7.44890022277832","-0.471599996089935",0.14
"TOPBP1","10.4465999603271","-0.476900011301041",0.15
"TOX2","8.97939968109131","-0.390799999237061",0.15
"TP53","10.5143995285034","0.356900006532669",0.15
"TPH2","0","-0.365399986505508",0.15
"TPO","0","0.386700004339218",0.15
"TPR","11.9497003555298","-0.472900003194809",0.13
"TPTE2","0","0.440200001001358",0.16
"TRAF3","8.59609985351562","0.402599990367889",0.12
"TRAF3IP1","8.77690029144287","0.27140000462532",0.15
"TRAF5","9.41119956970215","0.0375000014901161",0.14
"TRAF7","10.8150997161865","0.478500008583069",0.13
"TRAK1","10.5705995559692","-0.0148999998345971",0.14
"TRAT1","8.62670040130615","0.371499985456467",0.14
"TRIM10","2.16339993476868","0.333700001239777",0.15
"TRIM13","9.68439960479736","0.398999989032745",0.14
"TRIM24","10.2024002075195","0.283300012350082",0.15
"TRIM28","11.871000289917","-0.318800002336502",0.14
"TRIM29","5.32480001449585","0.210299998521805",0.14
"TRIM3","6.89529991149902","-0.409999996423721",0.14
"TRIM6","6.70120000839233","-0.259900003671646",0.14
"TRIO","10.7975997924805","0.35589998960495",0.13
"TRIP6","10.2897996902466","0.0405000001192093",0.12
"TRPC1","7.6136999130249","-0.41389998793602",0.13
"TRPC3","3.17470002174377","-0.400200009346008",0.14
"TRPC4","4.02299976348877","-0.0304000005125999",0.14
"TRPC4AP","11.4982995986938","-0.0494999997317791",0.14
"TRPC6","4.55359983444214","0.270900011062622",0.15
"TRPM2","10.6834001541138","0.206499993801117",0.16
"TRPV2","10.0417003631592","-0.156599998474121",0.15
"TRPV6","2.16339993476868","0.0447999984025955",0.14
"TRRAP","12.3221998214722","0.404000014066696",0.13
"TSC1","9.33790016174316","0.207300007343292",0.13
"TSC2","10.3380002975464","0.351200014352798",0.14
"TSHR","3.54929995536804","-0.0474000014364719",0.15
"TSR1","10.5599002838135","-0.483399987220764",0.14
"TTC21B","8.23130035400391","0.449600011110306",0.14
"TULP4","9.68050003051758","0.368999987840652",0.14
"TXK","5.0378999710083","0.25229999423027",0.13
"TXNDC5","12.8309001922607","0.338200002908707",0.14
"TXNRD1","12.2054996490479","-0.474799990653992",0.14
"TYK2","10.3993997573853","-0.356599986553192",0.16
"UBC","15.2234001159668","-0.476799994707108",0.16
"UBE3C","11.9231004714966","-0.475100010633469",0.15
"UBE4B","10.3451995849609","-0.466100007295609",0.15
"UBN1","10.5221004486084","0.417699992656708",0.13
"UBQLN4","10.0857000350952","0.348100006580353",0.14
"UBR1","9.76459980010986","0.246999993920326",0.14
"UBR4","12.3380002975464","0.275400012731552",0.14
"UBR5","11.2433996200562","-0.00490000005811453",0.13
"UBTF","11.1333999633789","0.302500009536743",0.13
"UBXN7","9.51360034942627","-0.407700002193451",0.14
"UGP2","11.2997999191284","0.439000010490417",0.13
"UHRF1","8.26039981842041","0.155699998140335",0.13
"ULK1","10.1540002822876","0.457399994134903",0.17
"UNC13D","9.86040019989014","-0.408800005912781",0.14
"UNC5B","8.7672004699707","0.217399999499321",0.12
"UNC5C","6.15240001678467","0.333999991416931",0.13
"USO1","11.2412004470825","-0.46849998831749",0.15
"USP1","10.3449001312256","-0.482800006866455",0.14
"USP37","9.42080020904541","-0.477400004863739",0.14
"USP5","11.3305997848511","-0.452499985694885",0.14
"USP7","11.3076000213623","0.475199997425079",0.15
"UTP15","8.18690013885498","-0.455399990081787",0.12
"UTP20","10.3886995315552","-0.465099990367889",0.15
"UTRN","11.938099861145","0.340099990367889",0.15
"VANGL2","5.25570011138916","-0.430999994277954",0.14
"VAV1","10.617600440979","-0.066100001335144",0.14
"VAV2","10.0026998519897","0.168799996376038",0.14
"VAV3","8.77859973907471","0.231299996376038",0.16
"VCAM1","14.2287998199463","0.267500013113022",0.15
"VCAN","15.023099899292","0.234200000762939",0.14
"VCL","11.7681999206543","0.428299993276596",0.14
"VCP","13.1504001617432","-0.445800006389618",0.15
"VLDLR","10.1652002334595","-0.151600003242493",0.13
"VPS33B","8.36730003356934","-0.473600000143051",0.14
"VWF","10.7965002059937","0.30689999461174",0.15
"WASF1","7.87939977645874","-0.450599998235703",0.13
"WASF2","12.1204996109009","-0.466600000858307",0.13
"WASL","11.3276996612549","0.123800002038479",0.14
"WBP11","11.6843996047974","-0.458499997854233",0.14
"WDHD1","8.01099967956543","-0.435999989509583",0.16
"WDR19","9.25510025024414","0.0377999991178513",0.16
"WDR3","9.30290031433105","-0.480100005865097",0.13
"WDR33","10.2257995605469","0.24040000140667",0.14
"WDR35","9.21269989013672","-0.428799986839294",0.15
"WDR75","9.39529991149902","-0.447100013494492",0.15
"WIF1","0","0.413300007581711",0.15
"WNK1","13.0804004669189","0.427100002765656",0.15
"WNK4","4.85169982910156","-0.350800007581711",0.13
"WWC1","10.8102998733521","0.141699999570847",0.12
"XAB2","9.64239978790283","0.435999989509583",0.14
"XPO1","11.9575996398926","-0.459100008010864",0.13
"XPO4","9.95639991760254","-0.456099987030029",0.14
"XPO7","11.081600189209","0.30919998884201",0.13
"XPOT","11.832799911499","-0.455900013446808",0.15
"XRCC1","9.29310035705566","-0.472499996423721",0.14
"XRN2","11.5684003829956","-0.474999994039536",0.14
"XYLT1","7.21680021286011","-0.146799996495247",0.15
"ZAP70","8.2273998260498","-0.0516000017523766",0.14
"ZBP1","6.69369983673096","-0.0159000009298325",0.14
"ZBTB32","3.54929995536804","-0.066100001335144",0.15
"ZC3HAV1","11.2334003448486","0.443199992179871",0.15
"ZFPM2","8.04790019989014","0.37279999256134",0.13
"ZFYVE28","6.94320011138916","0.301800012588501",0.14
"ZIK1","6.14690017700195","-0.343199998140335",0.13
"ZIM3","0","0.13060000538826",0.13
"ZKSCAN1","10.6806001663208","0.306199997663498",0.16
"ZKSCAN5","9.55370044708252","-0.481000006198883",0.15
"ZMYND8","10.4474000930786","-0.414200007915497",0.15
"ZNF114","2.24710011482239","-0.342799991369247",0.13
"ZNF12","9.85659980773926","-0.474700003862381",0.13
"ZNF17","6.61320018768311","-0.100699998438358",0.13
"ZNF200","8.03919982910156","-0.486400008201599",0.14
"ZNF254","8.13809967041016","-0.180299997329712",0.14
"ZNF266","8.47329998016357","-0.413399994373322",0.15
"ZNF274","8.92479991912842","-0.482800006866455",0.13
"ZNF3","9.56770038604736","-0.438199996948242",0.14
"ZNF304","8.24540042877197","-0.094700001180172",0.15
"ZNF317","9.85620021820068","0.450300008058548",0.15
"ZNF324","7.15040016174316","0.0469999983906746",0.15
"ZNF324B","6.17920017242432","0.345299988985062",0.14
"ZNF337","8.05249977111816","-0.472900003194809",0.13
"ZNF350","7.64300012588501","-0.398999989032745",0.15
"ZNF394","8.85149955749512","-0.446599990129471",0.15
"ZNF419","6.69740009307861","-0.482899993658066",0.14
"ZNF420","6.85580015182495","-0.487100005149841",0.15
"ZNF423","5.64340019226074","0.405000001192093",0.16
"ZNF443","5.98559999465942","-0.451299995183945",0.17
"ZNF461","6.41020011901855","-0.485199987888336",0.12
"ZNF467","7.2399001121521","-0.326599985361099",0.14
"ZNF471","5.9734001159668","-0.392599999904633",0.16
"ZNF480","8.41219997406006","-0.435099989175797",0.13
"ZNF496","7.47949981689453","0.44420000910759",0.15
"ZNF519","4.58610010147095","-0.384200006723404",0.16
"ZNF544","8.894700050354","-0.444900006055832",0.15
"ZNF549","7.65070009231567","-0.447499990463257",0.13
"ZNF585A","7.33869981765747","-0.484200000762939",0.14
"ZNF592","10.3308000564575","0.4375",0.13
"ZNF606","7.22970008850098","-0.198100000619888",0.14
"ZNF611","8.20540046691895","0.193299993872643",0.13
"ZNF613","6.98640012741089","-0.467500001192093",0.15
"ZNF616","7.64099979400635","-0.479999989271164",0.13
"ZNF624","7.16120004653931","-0.475199997425079",0.15
"ZNF638","10.8232002258301","-0.421600013971329",0.14
"ZNF678","6.28210020065308","0.395399987697601",0.14
"ZNF687","9.54570007324219","-0.272000014781952",0.13
"ZNF692","6.62099981307983","-0.427500009536743",0.15
"ZNF71","7.08360004425049","-0.170000001788139",0.15
"ZNF710","8.18690013885498","0.310900002717972",0.13
"ZNF716","0","0.404000014066696",0.14
"ZNF74","7.3600001335144","-0.486099988222122",0.13
"ZNF770","9.87790012359619","-0.442499995231628",0.14
"ZNF773","7.01660013198853","-0.473600000143051",0.13
"ZNF786","7.30490016937256","0.383100003004074",0.13
"ZRANB1","9.48750019073486","0.416999995708466",0.14
"ZWILCH","8.73880004882812","-0.443300008773804",0.14
